10001100000000000000000
10111001000000000000000
01000000000000000000000
11111001100000000000000
00100000000000000000000
00100000000000000000000
00100000000000000000000
00000000000000000000000
11100100000000000000000
11101010000000000000000
10100000000000000000000
10100100000000000000000
01100000000000000000000
10001100000000000000000
00100000000000000000000
00100000000000000000000
01010000000000000000000
00100000000000000000000
00100000000000000000000
00000000000000000000000
00000000000000000000000
11000000000000000000000
00000000000000000000000
00000000000000000000000
10100000000000000000000
10000000000000000000000
01110000000000000000000
01000000000000000000000
11100100000000000000000
00100000000000000000000
00000000000000000000000
11110100000000000000000
10100000000000000000000
00000000000000000000000
00000000000000000000000
10001000000000000000000
00100000000000000000000
01010000000000000000000
01010000000000000000000
01100000000000000000000
01110000000000000000000
00100000000000000000000
00000000000000000000000
10001100000000000000000
01100000000000000000000
11000000000000000000000
00100000000000000000000
11011010000000000000000
11011010000000000000000
01100000000000000000000
01100000000000000000000
11100100000000000000000
11100100000000000000000
00000000000000000000000
00100000000000000000000
11000000000000000000000
00100000000000000000000
11000000000000000000000
11100000000000000000000
11111110101000000000000
11101000000000000000000
00000000000000000000000
11001000000000000000000
11101010000000000000000
11100100000000000000000
01101000000000000000000
11011010000000000000000
00100000000000000000000
01110000000000000000000
01100000000000000000000
00100000000000000000000
00100000000000000000000
00000000000000000000000
00000000000000000000000
11100100000000000000000
11110110000000000000000
11100000000000000000000
11111010100000000000000
11100000000000000000000
11110100000000000000000
10100000000000000000000
01000000000000000000000
11011000000000000000000
11111001000000000000000
00100000000000000000000
00000000000000000000000
11101100000000000000000
11101010000000000000000
11000000000000000000000
11001000000000000000000
11100000000000000000000
10100000000000000000000
01010000000000000000000
01000000000000000000000
10000100000000000000000
11001000000000000000000
01010000000000000000000
01100000000000000000000
01100000000000000000000
11001000000000000000000
00000000000000000000000
00000000000000000000000
00000000000000000000000
01010000000000000000000
00000000000000000000000
11100100000000000000000
00100000000000000000000
00100000000000000000000
10100000000000000000000
01111000000000000000000
10001100000000000000000
10001100000000000000000
01000000000000000000000
11011010000000000000000
01100000000000000000000
11011100000000000000000
01010000000000000000000
00100000000000000000000
01100000000000000000000
01100000000000000000000
00100000000000000000000
00000000000000000000000
11111001010000000000000
00100000000000000000000
00000000000000000000000
01100000000000000000000
11000000000000000000000
11011010000000000000000
00100000000000000000000
11001000000000000000000
11101110000000000000000
00000000000000000000000
11000000000000000000000
11100100000000000000000
11100000000000000000000
10100000000000000000000
10010000000000000000000
00000000000000000000000
10000000000000000000000
11001000000000000000000
00000000000000000000000
11001000000000000000000
11101000000000000000000
00100000000000000000000
11101100000000000000000
11000000000000000000000
10100000000000000000000
10010100000000000000000
01000000000000000000000
10110111000000000000000
00000000000000000000000
01100000000000000000000
00100000000000000000000
11000000000000000000000
00000000000000000000000
00000000000000000000000
11111100000000000000000
00100000000000000000000
00100000000000000000000
10100000000000000000000
10011000000000000000000
10001100000000000000000
10110101000000000000000
00100000000000000000000
11000000000000000000000
11001000000000000000000
11000000000000000000000
11100000000000000000000
11101110000000000000000
10100000000000000000000
10110000000000000000000
01010000000000000000000
10110011000000000000000
00100000000000000000000
00100000000000000000000
00100000000000000000000
11101100000000000000000
00000000000000000000000
11110101000000000000000
10100000000000000000000
10011000000000000000000
10111011000000000000000
10001000000000000000000
11111001100000000000000
00100000000000000000000
11011010000000000000000
11100100000000000000000
11110101000000000000000
10100000000000000000000
10100000000000000000000
10010000000000000000000
10000100000000000000000
00100000000000000000000
00000000000000000000000
11101000000000000000000
10100000000000000000000
10001100000000000000000
00100000000000000000000
01010000000000000000000
11000000000000000000000
01000000000000000000000
01110000000000000000000
01010000000000000000000
11011000000000000000000
01010000000000000000000
00100000000000000000000
11011100000000000000000
11101000000000000000000
00100000000000000000000
00100000000000000000000
00000000000000000000000
11100100000000000000000
00000000000000000000000
11000000000000000000000
11110100000000000000000
11111111001000000000000
11110101000000000000000
11111010000000000000000
10100000000000000000000
10001100000000000000000
00000000000000000000000
10110111000000000000000
00100000000000000000000
01110000000000000000000
11101000000000000000000
00100000000000000000000
00000000000000000000000
00100000000000000000000
01100000000000000000000
11011100000000000000000
00000000000000000000000
00000000000000000000000
00000000000000000000000
01000000000000000000000
00000000000000000000000
00000000000000000000000
00100000000000000000000
00100000000000000000000
00100000000000000000000
00100000000000000000000
11111111001000000000000
11111111000100000000000
10100000000000000000000
01010000000000000000000
11111001110000000000000
11110010100000000000000
00100000000000000000000
10001000000000000000000
11001000000000000000000
11001000000000000000000
10001100000000000000000
00100000000000000000000
00100000000000000000000
11001000000000000000000
00000000000000000000000
00000000000000000000000
00100000000000000000000
00000000000000000000000
11101000000000000000000
00100000000000000000000
11101110000000000000000
00100000000000000000000
00000000000000000000000
11111101000000000000000
11111100100000000000000
11110110000000000000000
00000000000000000000000
10100000000000000000000
01100000000000000000000
01100000000000000000000
11011100000000000000000
01100000000000000000000
00000000000000000000000
01010000000000000000000
01010000000000000000000
01100000000000000000000
00100000000000000000000
11001000000000000000000
00000000000000000000000
01010000000000000000000
11100000000000000000000
01010000000000000000000
00000000000000000000000
11101010000000000000000
11000000000000000000000
11101110000000000000000
11000000000000000000000
11111110011000000000000
10100000000000000000000
01111000000000000000000
01000000000000000000000
10001000000000000000000
00100000000000000000000
11001000000000000000000
11000000000000000000000
00100000000000000000000
11100000000000000000000
01100000000000000000000
11110111000000000000000
10100000000000000000000
10010100000000000000000
01000000000000000000000
01000000000000000000000
00100000000000000000000
01100000000000000000000
01100000000000000000000
00000000000000000000000
00100000000000000000000
00100000000000000000000
11100100000000000000000
00100000000000000000000
11101010000000000000000
10100000000000000000000
10110010000000000000000
01010000000000000000000
01000000000000000000000
00000000000000000000000
00100000000000000000000
00100000000000000000000
11111011100000000000000
11000000000000000000000
00000000000000000000000
00100000000000000000000
11101000000000000000000
00000000000000000000000
00000000000000000000000
11001000000000000000000
11000000000000000000000
10100000000000000000000
10010000000000000000000
01000000000000000000000
01000000000000000000000
11000000000000000000000
00100000000000000000000
11000000000000000000000
00000000000000000000000
00000000000000000000000
00000000000000000000000
00000000000000000000000
11101110000000000000000
11101010000000000000000
10100000000000000000000
10111000000000000000000
10110101000000000000000
10001100000000000000000
01010000000000000000000
01110000000000000000000
00100000000000000000000
11111101111000000000000
00100000000000000000000
11111100100000000000000
11111111001000000000000
11111100000000000000000
10100000000000000000000
10110000000000000000000
00000000000000000000000
10110111000000000000000
11001000000000000000000
00000000000000000000000
11101010000000000000000
00000000000000000000000
11000000000000000000000
00000000000000000000000
11100100000000000000000
00000000000000000000000
10100000000000000000000
01010000000000000000000
10111001000000000000000
10110110000000000000000
00100000000000000000000
01010000000000000000000
00000000000000000000000
11100000000000000000000
11111110010000000000000
10100000000000000000000
10100010000000000000000
10010000000000000000000
10000000000000000000000
11001000000000000000000
00100000000000000000000
11101000000000000000000
11100100000000000000000
11110111000000000000000
10100000000000000000000
10001000000000000000000
01110000000000000000000
10110111000000000000000
00100000000000000000000
11001000000000000000000
00100000000000000000000
11110101000000000000000
11110101000000000000000
10100000000000000000000
10000100000000000000000
01100000000000000000000
10000000000000000000000
01100000000000000000000
11000000000000000000000
11000000000000000000000
11100100000000000000000
00100000000000000000000
00000000000000000000000
11101010000000000000000
10100000000000000000000
00000000000000000000000
01100000000000000000000
10000000000000000000000
01110000000000000000000
11000000000000000000000
00100000000000000000000
00100000000000000000000
11011000000000000000000
11011010000000000000000
00000000000000000000000
00100000000000000000000
11101000000000000000000
00000000000000000000000
11100100000000000000000
11000000000000000000000
00000000000000000000000
10100000000000000000000
01000000000000000000000
01010000000000000000000
10110111000000000000000
00100000000000000000000
11100000000000000000000
11111001000000000000000
11111101000000000000000
10100000000000000000000
10110000000000000000000
10001100000000000000000
10000000000000000000000
11011100000000000000000
01000000000000000000000
11011010000000000000000
00100000000000000000000
01000000000000000000000
11000000000000000000000
11111010100000000000000
00000000000000000000000
10100000000000000000000
10011000000000000000000
01010000000000000000000
11010011010000000000000
01100000000000000000000
00000000000000000000000
00000000000000000000000
00100000000000000000000
01100000000000000000000
11100000000000000000000
00000000000000000000000
01010000000000000000000
11000000000000000000000
11001000000000000000000
00000000000000000000000
11001000000000000000000
11001000000000000000000
11100100000000000000000
10100000000000000000000
10011100000000000000000
10001000000000000000000
10110010000000000000000
01010000000000000000000
01100000000000000000000
00100000000000000000000
11000000000000000000000
01100000000000000000000
01100000000000000000000
11000000000000000000000
11110111000000000000000
11000000000000000000000
11001000000000000000000
10100000000000000000000
10011100000000000000000
00000000000000000000000
10110001000000000000000
10001100000000000000000
00000000000000000000000
11100100000000000000000
00000000000000000000000
00100000000000000000000
00100000000000000000000
00100000000000000000000
10100000000000000000000
10010100000000000000000
00000000000000000000000
10000000000000000000000
01000000000000000000000
10001000000000000000000
01000000000000000000000
01100000000000000000000
01110000000000000000000
10010000000000000000000
01100000000000000000000
00000000000000000000000
01000000000000000000000
01000000000000000000000
00000000000000000000000
00000000000000000000000
11001000000000000000000
01100000000000000000000
01100000000000000000000
01100000000000000000000
00100000000000000000000
11000000000000000000000
00000000000000000000000
01010000000000000000000
00000000000000000000000
11110101000000000000000
00100000000000000000000
11110110000000000000000
10100000000000000000000
11000100000000000000000
11010101010000000000000
11110001001100000000000
10000000000000000000000
10001100000000000000000
00000000000000000000000
10010100000000000000000
10000100000000000000000
10110010000000000000000
00000000000000000000000
10001100000000000000000
10011000000000000000000
10010000000000000000000
10001000000000000000000
00100000000000000000000
01010000000000000000000
11000000000000000000000
00100000000000000000000
00100000000000000000000
01100000000000000000000
00000000000000000000000
00100000000000000000000
01000000000000000000000
00100000000000000000000
00000000000000000000000
00100000000000000000000
00000000000000000000000
11001000000000000000000
11001000000000000000000
00000000000000000000000
11000000000000000000000
00100000000000000000000
11100100000000000000000
11000000000000000000000
11101000000000000000000
11111111111101010000000
10100000000000000000000
11011010000000000000000
10110111000000000000000
10111111000000000000000
10110011000000000000000
11010100000000000000000
01010000000000000000000
00100000000000000000000
00100000000000000000000
10110101000000000000000
10011100000000000000000
01010000000000000000000
10010000000000000000000
00100000000000000000000
11001000000000000000000
00100000000000000000000
00000000000000000000000
11000000000000000000000
00100000000000000000000
11111001010000000000000
00100000000000000000000
00100000000000000000000
11000000000000000000000
11000000000000000000000
00100000000000000000000
00100000000000000000000
11000000000000000000000
00000000000000000000000
00100000000000000000000
11000000000000000000000
11001000000000000000000
11101010000000000000000
00000000000000000000000
10100000000000000000000
01010000000000000000000
10010000000000000000000
10000100000000000000000
00000000000000000000000
11001000000000000000000
11100100000000000000000
01000000000000000000000
00000000000000000000000
11111100000000000000000
10100000000000000000000
10001000000000000000000
11110010100000000000000
01010000000000000000000
00100000000000000000000
00000000000000000000000
00000000000000000000000
00000000000000000000000
11000000000000000000000
00100000000000000000000
00000000000000000000000
00100000000000000000000
11111010000000000000000
10100000000000000000000
01000000000000000000000
00100000000000000000000
10110101000000000000000
11011100000000000000000
11000000000000000000000
11001000000000000000000
00000000000000000000000
11100000000000000000000
11111010000000000000000
10100000000000000000000
01010000000000000000000
01010000000000000000000
10110010000000000000000
01010000000000000000000
00000000000000000000000
00100000000000000000000
00000000000000000000000
11000000000000000000000
00000000000000000000000
11111100000000000000000
00100000000000000000000
00000000000000000000000
10100000000000000000000
10010000000000000000000
11111011001010000000000
00100000000000000000000
00000000000000000000000
01010000000000000000000
00000000000000000000000
01010000000000000000000
00100000000000000000000
00000000000000000000000
00000000000000000000000
10100000000000000000000
01111000000000000000000
10001000000000000000000
10110011000000000000000
01100000000000000000000
11001000000000000000000
00000000000000000000000
11001000000000000000000
01110000000000000000000
00000000000000000000000
11110110000000000000000
10100000000000000000000
10011100000000000000000
11111011001000000000000
00000000000000000000000
00100000000000000000000
00100000000000000000000
11101010000000000000000
00000000000000000000000
11001000000000000000000
11111010000000000000000
10100000000000000000000
01010000000000000000000
10011000000000000000000
11111011001100000000000
10110100000000000000000
10001000000000000000000
11110011010000000000000
10111010000000000000000
10011100000000000000000
10001100000000000000000
10001000000000000000000
01000000000000000000000
11001000000000000000000
11000000000000000000000
11011100000000000000000
10010000000000000000000
00100000000000000000000
00000000000000000000000
00000000000000000000000
00000000000000000000000
11001000000000000000000
11111100010000000000000
10100000000000000000000
11100111010000000000000
11010100000000000000000
11110001100000000000000
10110001000000000000000
10110110000000000000000
00100000000000000000000
01110000000000000000000
10001100000000000000000
10110010000000000000000
10001000000000000000000
01100000000000000000000
10111000000000000000000
00100000000000000000000
00000000000000000000000
01010000000000000000000
00100000000000000000000
00000000000000000000000
01010000000000000000000
10010100000000000000000
00100000000000000000000
11100000000000000000000
01000000000000000000000
11011100000000000000000
11000000000000000000000
11100000000000000000000
11000000000000000000000
00000000000000000000000
11101010000000000000000
00100000000000000000000
00000000000000000000000
11001000000000000000000
11111010000000000000000
11101000000000000000000
11100000000000000000000
11001000000000000000000
10100000000000000000000
11100100100000000000000
11010100100000000000000
11010101010000000000000
10011000000000000000000
11010100100000000000000
01010000000000000000000
01010000000000000000000
00100000000000000000000
10010000000000000000000
00100000000000000000000
00100000000000000000000
01010000000000000000000
00100000000000000000000
01100000000000000000000
00100000000000000000000
11001000000000000000000
01110000000000000000000
01010000000000000000000
00000000000000000000000
00100000000000000000000
11100000000000000000000
00100000000000000000000
01100000000000000000000
11101000000000000000000
00000000000000000000000
00100000000000000000000
11110101000000000000000
11100000000000000000000
00000000000000000000000
11000000000000000000000
00000000000000000000000
11100100000000000000000
00100000000000000000000
00100000000000000000000
11101110000000000000000
11110101000000000000000
10100000000000000000000
10101000000000000000000
10001100000000000000000
01010000000000000000000
00000000000000000000000
00000000000000000000000
10000100000000000000000
00100000000000000000000
00100000000000000000000
00100000000000000000000
01100000000000000000000
11111011111000000000000
11101110000000000000000
11001000000000000000000
11000000000000000000000
11011010000000000000000
11101010000000000000000
10100000000000000000000
11011011000000000000000
10010000000000000000000
11010010000000000000000
10010100000000000000000
10110011000000000000000
10010000000000000000000
00000000000000000000000
10010100000000000000000
10110110000000000000000
10111010000000000000000
01010000000000000000000
10000000000000000000000
10111000000000000000000
01010000000000000000000
11000000000000000000000
00100000000000000000000
11110010110000000000000
00000000000000000000000
01110000000000000000000
00100000000000000000000
01010000000000000000000
01110000000000000000000
01010000000000000000000
00000000000000000000000
00100000000000000000000
11100000000000000000000
11001000000000000000000
11001000000000000000000
11101000000000000000000
11101110000000000000000
00000000000000000000000
00000000000000000000000
00100000000000000000000
11000000000000000000000
00100000000000000000000
11111010100000000000000
11101000000000000000000
00100000000000000000000
11000000000000000000000
01111000000000000000000
01110000000000000000000
10111011000000000000000
11110001000110000000000
10001000000000000000000
10010100000000000000000
01110000000000000000000
01110000000000000000000
00000000000000000000000
10011100000000000000000
10010000000000000000000
01110000000000000000000
11100100000000000000000
00000000000000000000000
11011100000000000000000
00100000000000000000000
11011010000000000000000
00000000000000000000000
00100000000000000000000
01010000000000000000000
11111011101000000000000
11001000000000000000000
11110100000000000000000
11000000000000000000000
00000000000000000000000
11111001010000000000000
00100000000000000000000
11001000000000000000000
11111101010000000000000
11101100000000000000000
10100000000000000000000
01000000000000000000000
10010100000000000000000
11110001000100000000000
11010110000000000000000
00000000000000000000000
10011100000000000000000
11100100000000000000000
10001100000000000000000
10001100000000000000000
00000000000000000000000
11000000000000000000000
00100000000000000000000
00000000000000000000000
00000000000000000000000
00100000000000000000000
10001100000000000000000
01010000000000000000000
01010000000000000000000
11100000000000000000000
11100000000000000000000
00100000000000000000000
11001000000000000000000
11110101000000000000000
11001000000000000000000
11110110000000000000000
11101010000000000000000
10100000000000000000000
11010000000000000000000
01000000000000000000000
11110001100010000000000
00100000000000000000000
00100000000000000000000
10010000000000000000000
00100000000000000000000
00000000000000000000000
01100000000000000000000
11010011010000000000000
01100000000000000000000
01000000000000000000000
01010000000000000000000
11100100000000000000000
11001000000000000000000
00100000000000000000000
00100000000000000000000
10010100000000000000000
11111111111011000100000
10100000000000000000000
11010110000000000000000
10110011000000000000000
11110001001000000000000
11010010010000000000000
10111000000000000000000
01000000000000000000000
00000000000000000000000
00100000000000000000000
00100000000000000000000
10011100000000000000000
11110010010000000000000
01110000000000000000000
11000000000000000000000
00100000000000000000000
00100000000000000000000
00100000000000000000000
01000000000000000000000
10010000000000000000000
01010000000000000000000
00100000000000000000000
00000000000000000000000
00100000000000000000000
00000000000000000000000
11000000000000000000000
11110111000000000000000
11101000000000000000000
00100000000000000000000
11111100110000000000000
10100000000000000000000
01101000000000000000000
10111100000000000000000
11110001010000000000000
11010011100000000000000
10110100000000000000000
10111110000000000000000
10110111000000000000000
10000100000000000000000
00000000000000000000000
11011100000000000000000
10011000000000000000000
10001000000000000000000
10010000000000000000000
00000000000000000000000
00000000000000000000000
00100000000000000000000
10010000000000000000000
10011000000000000000000
01000000000000000000000
00100000000000000000000
11001000000000000000000
01010000000000000000000
10001100000000000000000
00000000000000000000000
00100000000000000000000
11101000000000000000000
11100000000000000000000
11101110000000000000000
11110111000000000000000
11110100000000000000000
11110111000000000000000
00100000000000000000000
11100000000000000000000
10100000000000000000000
11010010000000000000000
11010011000000000000000
11010101000000000000000
10110101000000000000000
10111111000000000000000
10110000000000000000000
10001100000000000000000
10111010000000000000000
01010000000000000000000
00100000000000000000000
00000000000000000000000
01010000000000000000000
11011110000000000000000
01100000000000000000000
01100000000000000000000
01010000000000000000000
00000000000000000000000
01000000000000000000000
00000000000000000000000
00100000000000000000000
11001000000000000000000
00100000000000000000000
11001000000000000000000
00000000000000000000000
11001000000000000000000
11100000000000000000000
11110111000000000000000
00100000000000000000000
11000000000000000000000
00000000000000000000000
11001000000000000000000
11000000000000000000000
11111110011000000000000
10100000000000000000000
11000100000000000000000
10010000000000000000000
11110001101010000000000
11111111100010010110100
00100000000000000000000
10011000000000000000000
10000100000000000000000
10110010000000000000000
01010000000000000000000
01010000000000000000000
10011100000000000000000
11110011000000000000000
11011000000000000000000
00000000000000000000000
01010000000000000000000
01110000000000000000000
10010100000000000000000
00000000000000000000000
01100000000000000000000
00000000000000000000000
00000000000000000000000
00000000000000000000000
11000000000000000000000
11001000000000000000000
11001000000000000000000
00100000000000000000000
00000000000000000000000
11001000000000000000000
00000000000000000000000
01100000000000000000000
11110110000000000000000
11101000000000000000000
11000000000000000000000
11110111000000000000000
11101100000000000000000
10100000000000000000000
11100110110000000000000
11010110000000000000000
11010110010000000000000
10011100000000000000000
11010101000000000000000
10111010000000000000000
01100000000000000000000
10010000000000000000000
10010000000000000000000
00100000000000000000000
01110000000000000000000
01010000000000000000000
01010000000000000000000
11011110000000000000000
00000000000000000000000
01110000000000000000000
01000000000000000000000
10001100000000000000000
00000000000000000000000
10010000000000000000000
00100000000000000000000
00100000000000000000000
01000000000000000000000
10001100000000000000000
00000000000000000000000
11000000000000000000000
00000000000000000000000
00000000000000000000000
00000000000000000000000
11100000000000000000000
11110101000000000000000
11111010000000000000000
11000000000000000000000
11101010000000000000000
00100000000000000000000
11111100000000000000000
11001101000000000000000
10010000000000000000000
10001100000000000000000
01110000000000000000000
00100000000000000000000
11111001110000000000000
11011000000000000000000
01100000000000000000000
00000000000000000000000
01010000000000000000000
11000000000000000000000
11100000000000000000000
11000000000000000000000
00000000000000000000000
11100000000000000000000
10100000000000000000000
10010000000000000000000
01000000000000000000000
10110011000000000000000
10011000000000000000000
10010000000000000000000
10000100000000000000000
11111101110110000000000
10001000000000000000000
00100000000000000000000
01100000000000000000000
00100000000000000000000
00100000000000000000000
11111001100000000000000
11100100000000000000000
00100000000000000000000
00000000000000000000000
00100000000000000000000
00100000000000000000000
11000000000000000000000
11110101000000000000000
10100000000000000000000
10010100000000000000000
01010000000000000000000
11010010100000000000000
10111001000000000000000
11111011101000000000000
00100000000000000000000
00000000000000000000000
00100000000000000000000
00000000000000000000000
00000000000000000000000
00100000000000000000000
00100000000000000000000
11101100000000000000000
11100000000000000000000
00100000000000000000000
11111101010000000000000
11000000000000000000000
11110101000000000000000
10100000000000000000000
01100000000000000000000
01000000000000000000000
10010000000000000000000
10111001000000000000000
11100100000000000000000
01000000000000000000000
10001100000000000000000
01000000000000000000000
10001100000000000000000
00100000000000000000000
01010000000000000000000
00100000000000000000000
11000000000000000000000
00000000000000000000000
00100000000000000000000
01100000000000000000000
11110010110000000000000
01010000000000000000000
11100100000000000000000
11000000000000000000000
11100000000000000000000
11101010000000000000000
11000000000000000000000
11110111000000000000000
00000000000000000000000
11111010100000000000000
11001000000000000000000
10100000000000000000000
10111110000000000000000
00000000000000000000000
10011100000000000000000
10111001000000000000000
11001000000000000000000
01000000000000000000000
01100000000000000000000
01110000000000000000000
10001100000000000000000
01000000000000000000000
10010000000000000000000
01000000000000000000000
00100000000000000000000
11100000000000000000000
01000000000000000000000
10000100000000000000000
11111001110000000000000
01010000000000000000000
10001100000000000000000
00100000000000000000000
00100000000000000000000
11000000000000000000000
11111011110000000000000
00000000000000000000000
00000000000000000000000
00000000000000000000000
00100000000000000000000
00000000000000000000000
11101100000000000000000
11110111000000000000000
11101110000000000000000
11101000000000000000000
10100000000000000000000
10010000000000000000000
00000000000000000000000
10111100000000000000000
10111010000000000000000
11110011110000000000000
01010000000000000000000
00100000000000000000000
11011110000000000000000
10010000000000000000000
10001000000000000000000
00100000000000000000000
00000000000000000000000
00000000000000000000000
11011000000000000000000
11000000000000000000000
11111011010000000000000
00100000000000000000000
00100000000000000000000
00000000000000000000000
11100000000000000000000
00100000000000000000000
11001000000000000000000
00000000000000000000000
00000000000000000000000
00000000000000000000000
11001000000000000000000
00100000000000000000000
11101000000000000000000
00000000000000000000000
11111100010000000000000
10100000000000000000000
01000000000000000000000
10000000000000000000000
10001000000000000000000
10011000000000000000000
10111000000000000000000
00000000000000000000000
01100000000000000000000
10010100000000000000000
10011000000000000000000
10011000000000000000000
01010000000000000000000
00100000000000000000000
11110011000000000000000
01110000000000000000000
00000000000000000000000
11001000000000000000000
01110000000000000000000
01100000000000000000000
00100000000000000000000
11111001110000000000000
00100000000000000000000
00100000000000000000000
11000000000000000000000
00100000000000000000000
00100000000000000000000
00000000000000000000000
11100100000000000000000
00100000000000000000000
11101000000000000000000
00100000000000000000000
00100000000000000000000
11100100000000000000000
11101110000000000000000
11111100110000000000000
11000000000000000000000
00100000000000000000000
11000000000000000000000
10010000000000000000000
10011100000000000000000
10111000000000000000000
10110011000000000000000
10110111000000000000000
10110111000000000000000
11110010110000000000000
00100000000000000000000
01010000000000000000000
00000000000000000000000
10111000000000000000000
10010100000000000000000
00000000000000000000000
01100000000000000000000
00100000000000000000000
11000000000000000000000
01100000000000000000000
01010000000000000000000
11011010000000000000000
01010000000000000000000
00000000000000000000000
11101100000000000000000
11110100000000000000000
00000000000000000000000
11001000000000000000000
00100000000000000000000
00000000000000000000000
11101010000000000000000
11101010000000000000000
11110101000000000000000
10100000000000000000000
10100100000000000000000
10010100000000000000000
10111111000000000000000
01100000000000000000000
10111001000000000000000
01100000000000000000000
11011110000000000000000
01110000000000000000000
10001000000000000000000
10000100000000000000000
01010000000000000000000
01010000000000000000000
00000000000000000000000
00100000000000000000000
00000000000000000000000
11000000000000000000000
01010000000000000000000
01010000000000000000000
10001100000000000000000
00000000000000000000000
11000000000000000000000
11110100000000000000000
11101010000000000000000
11101010000000000000000
11101100000000000000000
10100000000000000000000
11010101000000000000000
10001000000000000000000
10111011000000000000000
10110000000000000000000
10010000000000000000000
10001000000000000000000
00100000000000000000000
01110000000000000000000
10011100000000000000000
01000000000000000000000
10001000000000000000000
10000100000000000000000
11111001010000000000000
01010000000000000000000
00100000000000000000000
11111001100000000000000
01000000000000000000000
00000000000000000000000
01000000000000000000000
00000000000000000000000
11011100000000000000000
00100000000000000000000
11111110111010000000000
00000000000000000000000
11100100000000000000000
11100000000000000000000
11100000000000000000000
00100000000000000000000
00000000000000000000000
11001000000000000000000
11000000000000000000000
11000000000000000000000
11100100000000000000000
00000000000000000000000
00100000000000000000000
11110101000000000000000
10100000000000000000000
01111000000000000000000
10010100000000000000000
10010000000000000000000
10001000000000000000000
10000000000000000000000
10001100000000000000000
00000000000000000000000
01100000000000000000000
00100000000000000000000
10001100000000000000000
10110111000000000000000
01000000000000000000000
01110000000000000000000
01010000000000000000000
00000000000000000000000
00100000000000000000000
11001000000000000000000
01000000000000000000000
10010000000000000000000
10000000000000000000000
01100000000000000000000
01010000000000000000000
00100000000000000000000
11000000000000000000000
00000000000000000000000
01100000000000000000000
11000000000000000000000
11111011110000000000000
11000000000000000000000
11000000000000000000000
00100000000000000000000
11101010000000000000000
11101010000000000000000
11000000000000000000000
00000000000000000000000
11111100000000000000000
10100000000000000000000
00000000000000000000000
01110000000000000000000
10010100000000000000000
01110000000000000000000
11111101111000000000000
11011010000000000000000
10110110000000000000000
10001000000000000000000
11100000000000000000000
11100000000000000000000
11111101110110000000000
11011010000000000000000
01100000000000000000000
11001000000000000000000
00100000000000000000000
00000000000000000000000
11101110000000000000000
11110100000000000000000
00000000000000000000000
00000000000000000000000
11101000000000000000000
11101100000000000000000
00100000000000000000000
11101010000000000000000
11000000000000000000000
11100000000000000000000
11001000000000000000000
00000000000000000000000
10100000000000000000000
01010000000000000000000
10011100000000000000000
10111011000000000000000
01010000000000000000000
10001100000000000000000
01000000000000000000000
10001100000000000000000
01100000000000000000000
00000000000000000000000
10001100000000000000000
01100000000000000000000
10001100000000000000000
11001000000000000000000
00100000000000000000000
00100000000000000000000
11001000000000000000000
00000000000000000000000
01000000000000000000000
11000000000000000000000
00000000000000000000000
11011110000000000000000
00000000000000000000000
11000000000000000000000
11101010000000000000000
11100000000000000000000
00100000000000000000000
11100000000000000000000
11100100000000000000000
11001000000000000000000
11101000000000000000000
00000000000000000000000
00000000000000000000000
11110110000000000000000
11110110000000000000000
10001100000000000000000
11111110110100010000000
10001000000000000000000
11111011001100000000000
10000100000000000000000
01100000000000000000000
10001100000000000000000
01100000000000000000000
00000000000000000000000
01000000000000000000000
11011010000000000000000
00000000000000000000000
11000000000000000000000
10010000000000000000000
01000000000000000000000
00100000000000000000000
01110000000000000000000
01100000000000000000000
11011100000000000000000
11000000000000000000000
11110110000000000000000
00100000000000000000000
11001000000000000000000
11100100000000000000000
11111111001000000000000
11111100000000000000000
00000000000000000000000
01010000000000000000000
01100000000000000000000
10111100000000000000000
10110110000000000000000
10010000000000000000000
01110000000000000000000
01010000000000000000000
00100000000000000000000
00000000000000000000000
10111011000000000000000
11011010000000000000000
00000000000000000000000
00100000000000000000000
00100000000000000000000
11001000000000000000000
01010000000000000000000
00100000000000000000000
01100000000000000000000
01010000000000000000000
00000000000000000000000
01010000000000000000000
01010000000000000000000
01000000000000000000000
00000000000000000000000
11101000000000000000000
11000000000000000000000
01100000000000000000000
00100000000000000000000
00000000000000000000000
00000000000000000000000
11110100000000000000000
11101110000000000000000
00000000000000000000000
11001000000000000000000
11101010000000000000000
11111100100000000000000
11001111000000000000000
01100000000000000000000
10111000000000000000000
01110000000000000000000
10110111000000000000000
10001000000000000000000
00100000000000000000000
10001100000000000000000
10110111000000000000000
10110010000000000000000
01010000000000000000000
11111001100000000000000
01100000000000000000000
11100000000000000000000
01100000000000000000000
00100000000000000000000
01010000000000000000000
00000000000000000000000
01100000000000000000000
01110000000000000000000
00100000000000000000000
01100000000000000000000
11110110000000000000000
11110110000000000000000
11001000000000000000000
00100000000000000000000
00100000000000000000000
11100000000000000000000
00000000000000000000000
00000000000000000000000
11101110000000000000000
11100100000000000000000
11001000000000000000000
11000000000000000000000
11100000000000000000000
01111000000000000000000
10001100000000000000000
10010000000000000000000
01110000000000000000000
10010100000000000000000
01010000000000000000000
00000000000000000000000
11111011010100000000000
10010100000000000000000
11011000000000000000000
01000000000000000000000
11101010000000000000000
10001100000000000000000
01010000000000000000000
01110000000000000000000
00100000000000000000000
11111001010000000000000
01000000000000000000000
11110100000000000000000
00000000000000000000000
00000000000000000000000
11101010000000000000000
11000000000000000000000
11101010000000000000000
11101110000000000000000
11111111000000000000000
10100000000000000000000
10101010000000000000000
10111001000000000000000
11010100110000000000000
01100000000000000000000
01010000000000000000000
01110000000000000000000
10000100000000000000000
01110000000000000000000
01010000000000000000000
00000000000000000000000
01010000000000000000000
00000000000000000000000
00100000000000000000000
10001100000000000000000
00100000000000000000000
00000000000000000000000
00100000000000000000000
01000000000000000000000
01010000000000000000000
00000000000000000000000
00100000000000000000000
00100000000000000000000
00000000000000000000000
00100000000000000000000
01010000000000000000000
11000000000000000000000
11000000000000000000000
00100000000000000000000
00000000000000000000000
01100000000000000000000
11111010100000000000000
11110111000000000000000
11001000000000000000000
11101100000000000000000
11101100000000000000000
00000000000000000000000
00000000000000000000000
00000000000000000000000
10100000000000000000000
10100100000000000000000
10010000000000000000000
10111110000000000000000
10010100000000000000000
10010100000000000000000
11111011110000000000000
01100000000000000000000
00100000000000000000000
11111100110000000000000
11000000000000000000000
11101100000000000000000
10100000000000000000000
10001100000000000000000
00100000000000000000000
00100000000000000000000
01100000000000000000000
01100000000000000000000
00100000000000000000000
00100000000000000000000
00100000000000000000000
11001000000000000000000
11001000000000000000000
00100000000000000000000
00000000000000000000000
11101100000000000000000
11000000000000000000000
11111111001000000000000
11000000000000000000000
10100000000000000000000
01000000000000000000000
00000000000000000000000
01110000000000000000000
01110000000000000000000
11100100000000000000000
00000000000000000000000
01010000000000000000000
11100000000000000000000
00000000000000000000000
11000000000000000000000
11101000000000000000000
11001000000000000000000
11101100000000000000000
10100000000000000000000
10110100000000000000000
10110101000000000000000
01110000000000000000000
10010100000000000000000
10110111000000000000000
10010000000000000000000
10001100000000000000000
10111010000000000000000
10001100000000000000000
01100000000000000000000
00000000000000000000000
11011100000000000000000
10001000000000000000000
01110000000000000000000
00000000000000000000000
00100000000000000000000
01010000000000000000000
01100000000000000000000
00100000000000000000000
00100000000000000000000
11001000000000000000000
11000000000000000000000
01100000000000000000000
11100000000000000000000
00100000000000000000000
00000000000000000000000
11001000000000000000000
00000000000000000000000
11110100000000000000000
11111111000100000000000
10100000000000000000000
10111110000000000000000
10010000000000000000000
10111011000000000000000
10001100000000000000000
10001100000000000000000
01000000000000000000000
00100000000000000000000
01110000000000000000000
01000000000000000000000
10110111000000000000000
10010100000000000000000
01010000000000000000000
10011100000000000000000
01110000000000000000000
00000000000000000000000
01100000000000000000000
01110000000000000000000
00100000000000000000000
11110011000000000000000
11011100000000000000000
01110000000000000000000
00100000000000000000000
10010000000000000000000
00100000000000000000000
01100000000000000000000
11100100000000000000000
11011100000000000000000
00100000000000000000000
11111001100000000000000
11100100000000000000000
11000000000000000000000
00000000000000000000000
11101000000000000000000
11100000000000000000000
11101100000000000000000
11001000000000000000000
11100100000000000000000
11001000000000000000000
11100000000000000000000
10001000000000000000000
10110101000000000000000
10010100000000000000000
10001100000000000000000
10011000000000000000000
01100000000000000000000
01110000000000000000000
10010000000000000000000
10010000000000000000000
10011100000000000000000
10011000000000000000000
00100000000000000000000
10111001000000000000000
01100000000000000000000
00100000000000000000000
00100000000000000000000
11001000000000000000000
01010000000000000000000
01010000000000000000000
11001000000000000000000
11001000000000000000000
10011000000000000000000
01100000000000000000000
01100000000000000000000
11001000000000000000000
00000000000000000000000
11001000000000000000000
00100000000000000000000
00100000000000000000000
11110110000000000000000
11001000000000000000000
11101000000000000000000
00000000000000000000000
00000000000000000000000
00100000000000000000000
11001000000000000000000
11001000000000000000000
11000000000000000000000
11001000000000000000000
11100100000000000000000
10100000000000000000000
10011000000000000000000
10011100000000000000000
01110000000000000000000
10011000000000000000000
10110011000000000000000
01100000000000000000000
10011000000000000000000
10000100000000000000000
11001000000000000000000
00100000000000000000000
01100000000000000000000
10010000000000000000000
10001000000000000000000
00000000000000000000000
11111011110000000000000
00100000000000000000000
01000000000000000000000
00100000000000000000000
00100000000000000000000
00000000000000000000000
00000000000000000000000
00000000000000000000000
00000000000000000000000
01100000000000000000000
11000000000000000000000
11000000000000000000000
01010000000000000000000
00100000000000000000000
11101000000000000000000
00100000000000000000000
00000000000000000000000
11001000000000000000000
11001000000000000000000
11100100000000000000000
00100000000000000000000
00000000000000000000000
00000000000000000000000
11111011101000000000000
11100000000000000000000
11000000000000000000000
11101000000000000000000
10100000000000000000000
00000000000000000000000
01100000000000000000000
10011100000000000000000
10001100000000000000000
01100000000000000000000
10110110000000000000000
10010100000000000000000
01010000000000000000000
01110000000000000000000
00000000000000000000000
01100000000000000000000
10010100000000000000000
01100000000000000000000
11011100000000000000000
00000000000000000000000
01100000000000000000000
00000000000000000000000
00100000000000000000000
01010000000000000000000
00000000000000000000000
00100000000000000000000
11100000000000000000000
01010000000000000000000
11000000000000000000000
11001000000000000000000
00100000000000000000000
11100000000000000000000
00100000000000000000000
00000000000000000000000
11100000000000000000000
00100000000000000000000
11001000000000000000000
00000000000000000000000
11000000000000000000000
11100000000000000000000
00100000000000000000000
11111100110000000000000
11101110000000000000000
10101110000000000000000
11001000000000000000000
10000000000000000000000
00100000000000000000000
10010000000000000000000
00000000000000000000000
01000000000000000000000
01000000000000000000000
00100000000000000000000
11001000000000000000000
01110000000000000000000
11001000000000000000000
00100000000000000000000
01010000000000000000000
11000000000000000000000
01100000000000000000000
11000000000000000000000
01010000000000000000000
00000000000000000000000
00000000000000000000000
00100000000000000000000
11001000000000000000000
11101110000000000000000
11011100000000000000000
11101100000000000000000
11100100000000000000000
11101110000000000000000
11000000000000000000000
10100000000000000000000
10101100000000000000000
10010000000000000000000
10111100000000000000000
01100000000000000000000
00100000000000000000000
00000000000000000000000
01100000000000000000000
01010000000000000000000
00000000000000000000000
01000000000000000000000
00000000000000000000000
01010000000000000000000
11011100000000000000000
00100000000000000000000
00100000000000000000000
00100000000000000000000
01010000000000000000000
01000000000000000000000
00000000000000000000000
01000000000000000000000
11101110000000000000000
11001000000000000000000
11111100110000000000000
11111100110000000000000
00100000000000000000000
00100000000000000000000
10100000000000000000000
10101110000000000000000
10011100000000000000000
10010100000000000000000
10010000000000000000000
10010000000000000000000
01000000000000000000000
10001100000000000000000
00100000000000000000000
01100000000000000000000
01100000000000000000000
11011100000000000000000
00000000000000000000000
00100000000000000000000
01010000000000000000000
00100000000000000000000
00100000000000000000000
00000000000000000000000
00000000000000000000000
11001000000000000000000
00000000000000000000000
11100000000000000000000
11100100000000000000000
00100000000000000000000
00000000000000000000000
11000000000000000000000
11101010000000000000000
11111111000000000000000
11111110010000000000000
10100000000000000000000
10001100000000000000000
00100000000000000000000
00100000000000000000000
11100100000000000000000
00100000000000000000000
11100000000000000000000
00100000000000000000000
00100000000000000000000
00000000000000000000000
11001000000000000000000
11100000000000000000000
11100100000000000000000
10100000000000000000000
01100000000000000000000
00000000000000000000000
11111011111000000000000
11101000000000000000000
11001000000000000000000
11111110101000000000000
10100000000000000000000
01111000000000000000000
01100000000000000000000
00000000000000000000000
00000000000000000000000
01010000000000000000000
00100000000000000000000
00000000000000000000000
00000000000000000000000
01010000000000000000000
01100000000000000000000
00000000000000000000000
00100000000000000000000
11001000000000000000000
00000000000000000000000
11100100000000000000000
00000000000000000000000
00000000000000000000000
10100000000000000000000
01010000000000000000000
00100000000000000000000
00000000000000000000000
00000000000000000000000
00000000000000000000000
11000000000000000000000
00000000000000000000000
01100000000000000000000
11011010000000000000000
11000000000000000000000
00000000000000000000000
11111101010000000000000
10100000000000000000000
10011100000000000000000
00000000000000000000000
00000000000000000000000
00000000000000000000000
10010000000000000000000
01000000000000000000000
01100000000000000000000
11111001100000000000000
11111001000000000000000
00000000000000000000000
11000000000000000000000
00100000000000000000000
00100000000000000000000
01010000000000000000000
00000000000000000000000
11110110000000000000000
11100000000000000000000
11001000000000000000000
11000000000000000000000
00100000000000000000000
11100000000000000000000
00100000000000000000000
11000000000000000000000
11111110101000000000000
11111010100000000000000
10100000000000000000000
10011000000000000000000
10001000000000000000000
10011100000000000000000
10010100000000000000000
10000000000000000000000
00100000000000000000000
01000000000000000000000
10010000000000000000000
10001000000000000000000
10010000000000000000000
00100000000000000000000
00000000000000000000000
01110000000000000000000
01010000000000000000000
01010000000000000000000
01100000000000000000000
00000000000000000000000
01100000000000000000000
11110011000000000000000
11101000000000000000000
01100000000000000000000
01010000000000000000000
00100000000000000000000
11100100000000000000000
00000000000000000000000
00000000000000000000000
00100000000000000000000
01010000000000000000000
00100000000000000000000
00000000000000000000000
11000000000000000000000
11000000000000000000000
00100000000000000000000
00000000000000000000000
00100000000000000000000
00100000000000000000000
11101110000000000000000
00100000000000000000000
11001000000000000000000
11111100100000000000000
11001000000000000000000
01010000000000000000000
10000000000000000000000
10000000000000000000000
11011100000000000000000
01010000000000000000000
00000000000000000000000
10110110000000000000000
10000100000000000000000
10001100000000000000000
10010100000000000000000
10010000000000000000000
10111001000000000000000
01110000000000000000000
11100000000000000000000
01010000000000000000000
11011000000000000000000
00000000000000000000000
11001000000000000000000
00000000000000000000000
00100000000000000000000
00100000000000000000000
11100000000000000000000
00100000000000000000000
11000000000000000000000
11000000000000000000000
00100000000000000000000
00000000000000000000000
11100000000000000000000
00100000000000000000000
00000000000000000000000
11000000000000000000000
00100000000000000000000
00100000000000000000000
00100000000000000000000
00100000000000000000000
11111111111101011000000
10100000000000000000000
10001000000000000000000
10011000000000000000000
10011100000000000000000
10011100000000000000000
10001100000000000000000
00100000000000000000000
00100000000000000000000
01000000000000000000000
10011100000000000000000
01010000000000000000000
01100000000000000000000
01100000000000000000000
00000000000000000000000
10001000000000000000000
01010000000000000000000
11011000000000000000000
01000000000000000000000
00100000000000000000000
11100000000000000000000
00100000000000000000000
11000000000000000000000
00000000000000000000000
00100000000000000000000
00000000000000000000000
00100000000000000000000
11000000000000000000000
11111001100000000000000
11000000000000000000000
00100000000000000000000
11100000000000000000000
11100100000000000000000
11001000000000000000000
00000000000000000000000
11110101000000000000000
11101100000000000000000
10100000000000000000000
10111110000000000000000
10011100000000000000000
10011100000000000000000
01110000000000000000000
10010000000000000000000
10001100000000000000000
10110110000000000000000
10010100000000000000000
01000000000000000000000
00100000000000000000000
00100000000000000000000
01010000000000000000000
00000000000000000000000
10011000000000000000000
00000000000000000000000
00100000000000000000000
00100000000000000000000
11011100000000000000000
01010000000000000000000
11011100000000000000000
00000000000000000000000
00000000000000000000000
01010000000000000000000
01100000000000000000000
11000000000000000000000
00000000000000000000000
01010000000000000000000
01100000000000000000000
00100000000000000000000
11001000000000000000000
01100000000000000000000
00100000000000000000000
11000000000000000000000
00100000000000000000000
00100000000000000000000
00100000000000000000000
00000000000000000000000
00000000000000000000000
01010000000000000000000
00000000000000000000000
00100000000000000000000
11001000000000000000000
11001000000000000000000
00000000000000000000000
11100100000000000000000
11111010100000000000000
10100000000000000000000
10000000000000000000000
00100000000000000000000
10110101000000000000000
10011100000000000000000
10111011000000000000000
10001100000000000000000
01110000000000000000000
10011100000000000000000
10111000000000000000000
01100000000000000000000
00000000000000000000000
10000100000000000000000
01110000000000000000000
00000000000000000000000
01010000000000000000000
00000000000000000000000
11011000000000000000000
00000000000000000000000
10010000000000000000000
00100000000000000000000
00000000000000000000000
01000000000000000000000
01010000000000000000000
01100000000000000000000
11101000000000000000000
00100000000000000000000
00100000000000000000000
00100000000000000000000
11111001100000000000000
01100000000000000000000
00000000000000000000000
11100100000000000000000
11100100000000000000000
00100000000000000000000
00100000000000000000000
11100000000000000000000
00000000000000000000000
00100000000000000000000
11001000000000000000000
00100000000000000000000
10100000000000000000000
10100000000000000000000
01000000000000000000000
00000000000000000000000
01100000000000000000000
00000000000000000000000
00000000000000000000000
00000000000000000000000
10100000000000000000000
01000000000000000000000
01000000000000000000000
00000000000000000000000
10110000000000000000000
01000000000000000000000
10001000000000000000000
00000000000000000000000
01000000000000000000000
01100000000000000000000
00000000000000000000000
11100010000000000000000
01000000000000000000000
10101000000000000000000
11101110000000000000000
00000000000000000000000
11010000000000000000000
01000000000000000000000
10101000000000000000000
01000000000000000000000
00000000000000000000000
10100000000000000000000
01000000000000000000000
10011000000000000000000
01000000000000000000000
00000000000000000000000
10110000000000000000000
01000000000000000000000
10101000000000000000000
10110000000000000000000
00000000000000000000000
00000000000000000000000
01100000000000000000000
10101010000000000000000
00000000000000000000000
10000000000000000000000
10010000000000000000000
10101000000000000000000
01100000000000000000000
10110000000000000000000
10111000000000000000000
00000000000000000000000
11011100000000000000000
11111010101010000000000
10001000000000000000000
10101000000000000000000
11010100000000000000000
10001000000000000000000
11111111001100000000000
11111100010000000000000
11010000000000000000000
00000000000000000000000
10010000000000000000000
01000000000000000000000
11000000100000000000000
11100110000000000000000
01000000000000000000000
11010000000000000000000
01100000000000000000000
01000000000000000000000
11111110100000000000000
11101110000000000000000
00000000000000000000000
11000000000000000000000
10101000000000000000000
11000010100000000000000
10010000000000000000000
10100100000000000000000
11010100000000000000000
01100000000000000000000
10010000000000000000000
11111001000000000000000
11101010000000000000000
00000000000000000000000
11000100000000000000000
10100110000000000000000
01000000000000000000000
10010000000000000000000
10011000000000000000000
11010000000000000000000
01000000000000000000000
01100000000000000000000
11111011110000000000000
11101000000000000000000
11111111001100000000000
11111001000000000000000
10111000000000000000000
00000000000000000000000
11101111000000000000000
01000000000000000000000
11000010100000000000000
01100000000000000000000
10110000000000000000000
10111000000000000000000
01000000000000000000000
01100000000000000000000
10111000000000000000000
11111001000000000000000
11111111100001100000000
00000000000000000000000
10000000000000000000000
11110110000000000000000
10000000000000000000000
10111000000000000000000
11010100000000000000000
10010000000000000000000
11111101000000000000000
11010000000000000000000
11111100010000000000000
11010100000000000000000
00000000000000000000000
11101111000000000000000
10010000000000000000000
10101010000000000000000
10100010000000000000000
10100100000000000000000
01000000000000000000000
10111000000000000000000
01000000000000000000000
11010100000000000000000
01100000000000000000000
11101000000000000000000
00000000000000000000000
11100101000000000000000
10010000000000000000000
11000101100000000000000
10101000000000000000000
01100000000000000000000
11110010000000000000000
00000000000000000000000
11100101000000000000000
10010000000000000000000
10010000000000000000000
01100000000000000000000
10010000000000000000000
11011100000000000000000
00000000000000000000000
11000000000000000000000
10010000000000000000000
10001000000000000000000
10111000000000000000000
01100000000000000000000
10111000000000000000000
00000000000000000000000
11010100000000000000000
10000000000000000000000
10011000000000000000000
10011000000000000000000
10000000000000000000000
01100000000000000000000
01000000000000000000000
11100100000000000000000
01100000000000000000000
00000000000000000000000
11011100000000000000000
01000000000000000000000
11000110100000000000000
10011000000000000000000
10110000000000000000000
11111101111000000000000
01000000000000000000000
11110101000000000000000
11101000000000000000000
01100000000000000000000
00000000000000000000000
11101001000000000000000
10010000000000000000000
01000000000000000000000
00000000000000000000000
11001100000000000000000
10110000000000000000000
00000000000000000000000
00000000000000000000000
10110000000000000000000
00000000000000000000000
00000000000000000000000
10110000000000000000000
00000000000000000000000
10100000000000000000000
11100101000000000000000
01000000000000000000000
00000000000000000000000
10100000000000000000000
01000000000000000000000
01000000000000000000000
01000000000000000000000
00000000000000000000000
10110000000000000000000
01000000000000000000000
00000000000000000000000
00000000000000000000000
10110000000000000000000
00000000000000000000000
10010000000000000000000
01100000000000000000000
01000000000000000000000
01000000000000000000000
00000000000000000000000
01000000000000000000000
01100000000000000000000
10110000000000000000000
00000000000000000000000
10010000000000000000000
10111000000000000000000
00000000000000000000000
10010000000000000000000
01100000000000000000000
10010000000000000000000
11101100000000000000000
00000000000000000000000
11000100000000000000000
11110110100000000000000
01100000000000000000000
10001000000000000000000
00000000000000000000000
01100000000000000000000
11110110111000000000000
01100000000000000000000
01000000000000000000000
01100000000000000000000
00000000000000000000000
11010000000000000000000
01000000000000000000000
10101100000000000000000
11100110000000000000000
11011000000000000000000
00000000000000000000000
01000000000000000000000
10010000000000000000000
10011000000000000000000
01000000000000000000000
01000000000000000000000
00000000000000000000000
11001000000000000000000
11110110100000000000000
01000000000000000000000
01100000000000000000000
00000000000000000000000
00000000000000000000000
11100110000000000000000
01100000000000000000000
11101100000000000000000
00000000000000000000000
11001000000000000000000
10110000000000000000000
10011000000000000000000
10010000000000000000000
11010000000000000000000
01100000000000000000000
11010000000000000000000
00000000000000000000000
11010000000000000000000
01000000000000000000000
10100110000000000000000
10001000000000000000000
11101010000000000000000
00000000000000000000000
11010100000000000000000
01000000000000000000000
11010000000000000000000
00000000000000000000000
01100000000000000000000
00000000000000000000000
10000000000000000000000
01100000000000000000000
10001000000000000000000
01000000000000000000000
01100000000000000000000
11011100000000000000000
00000000000000000000000
10000000000000000000000
11100100000000000000000
01000000000000000000000
01000000000000000000000
11011000000000000000000
00000000000000000000000
