10001100000000000000000
10111010000000000000000
10001100000000000000000
11001000000000000000000
01110000000000000000000
00100000000000000000000
00100000000000000000000
00100000000000000000000
11101110000000000000000
11101000000000000000000
10100000000000000000000
10100000000000000000000
10010000000000000000000
01000000000000000000000
00000000000000000000000
11100100000000000000000
11100000000000000000000
00000000000000000000000
00000000000000000000000
11110100000000000000000
00000000000000000000000
10100000000000000000000
10001100000000000000000
10010100000000000000000
01000000000000000000000
01010000000000000000000
00000000000000000000000
10010000000000000000000
01100000000000000000000
01010000000000000000000
10001100000000000000000
01110000000000000000000
11011100000000000000000
01010000000000000000000
00000000000000000000000
11101110000000000000000
11000000000000000000000
10100000000000000000000
10001100000000000000000
11011000000000000000000
00000000000000000000000
11011100000000000000000
11101010000000000000000
00100000000000000000000
00000000000000000000000
00000000000000000000000
11100100000000000000000
11101000000000000000000
00000000000000000000000
11001000000000000000000
11111010000000000000000
00000000000000000000000
11111110010000000000000
11100100000000000000000
10100000000000000000000
01010000000000000000000
01100000000000000000000
01010000000000000000000
00000000000000000000000
01100000000000000000000
00100000000000000000000
00100000000000000000000
11111001010000000000000
00000000000000000000000
01010000000000000000000
00000000000000000000000
00100000000000000000000
11000000000000000000000
11001000000000000000000
00000000000000000000000
00000000000000000000000
10100000000000000000000
01000000000000000000000
00100000000000000000000
10001100000000000000000
00000000000000000000000
11001000000000000000000
11000000000000000000000
10100000000000000000000
01010000000000000000000
11011000000000000000000
00000000000000000000000
00100000000000000000000
11101100000000000000000
00100000000000000000000
11011100000000000000000
11110111000000000000000
11101110000000000000000
10100000000000000000000
10010100000000000000000
01100000000000000000000
10000100000000000000000
11000000000000000000000
00000000000000000000000
01010000000000000000000
01010000000000000000000
11000000000000000000000
01100000000000000000000
01010000000000000000000
00100000000000000000000
00000000000000000000000
00000000000000000000000
11000000000000000000000
01100000000000000000000
00000000000000000000000
00100000000000000000000
00100000000000000000000
11001000000000000000000
11100100000000000000000
11001000000000000000000
00100000000000000000000
11101100000000000000000
11000000000000000000000
11100000000000000000000
10100000000000000000000
01111000000000000000000
01000000000000000000000
10110111000000000000000
11001000000000000000000
00000000000000000000000
00000000000000000000000
11001000000000000000000
11001000000000000000000
11001000000000000000000
11111010000000000000000
10100000000000000000000
10110000000000000000000
01010000000000000000000
10110101000000000000000
00000000000000000000000
00000000000000000000000
00100000000000000000000
11100000000000000000000
11001000000000000000000
00100000000000000000000
00000000000000000000000
11001000000000000000000
11100000000000000000000
11001000000000000000000
00000000000000000000000
11000000000000000000000
00100000000000000000000
10100000000000000000000
10110000000000000000000
01000000000000000000000
10110011000000000000000
11001000000000000000000
11101100000000000000000
11110111000000000000000
10100000000000000000000
11100110010000000000000
11110001001110000000000
10001100000000000000000
11110010100000000000000
11010100000000000000000
10001000000000000000000
00000000000000000000000
11110101000000000000000
10000100000000000000000
00000000000000000000000
00100000000000000000000
11111101010000000000000
00100000000000000000000
10100000000000000000000
11101011110000000000000
10111010000000000000000
10001000000000000000000
11001000000000000000000
01100000000000000000000
11000000000000000000000
01010000000000000000000
11101000000000000000000
11111010000000000000000
11100000000000000000000
10100000000000000000000
10100000000000000000000
10010100000000000000000
10000000000000000000000
00100000000000000000000
11001000000000000000000
11100100000000000000000
11101010000000000000000
10100000000000000000000
10000100000000000000000
01110000000000000000000
10001000000000000000000
00100000000000000000000
11100100000000000000000
00100000000000000000000
00000000000000000000000
00000000000000000000000
11101000000000000000000
11101010000000000000000
11111111000100000000000
10100000000000000000000
10001100000000000000000
00100000000000000000000
10000000000000000000000
00100000000000000000000
11111100010000000000000
10100000000000000000000
00000000000000000000000
00100000000000000000000
01000000000000000000000
00100000000000000000000
11000000000000000000000
11100000000000000000000
11100100000000000000000
00000000000000000000000
11001000000000000000000
10100000000000000000000
01010000000000000000000
00100000000000000000000
10001000000000000000000
00000000000000000000000
11011100000000000000000
00000000000000000000000
11011000000000000000000
01010000000000000000000
00100000000000000000000
11000000000000000000000
11000000000000000000000
00000000000000000000000
11101010000000000000000
00100000000000000000000
11001000000000000000000
11100100000000000000000
11000000000000000000000
11100100000000000000000
10100000000000000000000
01111000000000000000000
11110010010000000000000
11011010000000000000000
00000000000000000000000
11101000000000000000000
11000000000000000000000
11001000000000000000000
00000000000000000000000
11001000000000000000000
11100000000000000000000
00100000000000000000000
00000000000000000000000
00100000000000000000000
10100000000000000000000
10011100000000000000000
10001000000000000000000
01000000000000000000000
00100000000000000000000
00100000000000000000000
01010000000000000000000
11011010000000000000000
11000000000000000000000
11111111001000000000000
11111111001000000000000
11100100000000000000000
10100000000000000000000
10110010000000000000000
01010000000000000000000
01000000000000000000000
00000000000000000000000
11101110000000000000000
00000000000000000000000
11000000000000000000000
11111010000000000000000
10100000000000000000000
10010100000000000000000
10000100000000000000000
01000000000000000000000
11100100000000000000000
00000000000000000000000
00000000000000000000000
11000000000000000000000
10100000000000000000000
10111110000000000000000
01000000000000000000000
10001000000000000000000
01010000000000000000000
11011010000000000000000
00000000000000000000000
11011000000000000000000
00000000000000000000000
00100000000000000000000
11001000000000000000000
11000000000000000000000
11100100000000000000000
11001000000000000000000
10100000000000000000000
11100010100000000000000
11110001101010000000000
01000000000000000000000
00000000000000000000000
10001100000000000000000
11010110000000000000000
10001100000000000000000
00000000000000000000000
00000000000000000000000
00100000000000000000000
11001000000000000000000
00000000000000000000000
11110010000000000000000
00000000000000000000000
11111111110100001000000
01100000000000000000000
10100000000000000000000
11101110000000000000000
10111010000000000000000
10110110000000000000000
01010000000000000000000
00000000000000000000000
00100000000000000000000
00000000000000000000000
11000000000000000000000
00000000000000000000000
11111010100000000000000
11100100000000000000000
10100000000000000000000
10100000000000000000000
01110000000000000000000
10110111000000000000000
11000000000000000000000
00100000000000000000000
11100100000000000000000
11001000000000000000000
11100000000000000000000
00100000000000000000000
11000000000000000000000
11101000000000000000000
10100000000000000000000
10001100000000000000000
01110000000000000000000
10110110000000000000000
01100000000000000000000
00100000000000000000000
00100000000000000000000
00000000000000000000000
11100000000000000000000
11110110000000000000000
10100000000000000000000
10001000000000000000000
01100000000000000000000
10110110000000000000000
00100000000000000000000
00000000000000000000000
00100000000000000000000
11000000000000000000000
11000000000000000000000
11111100100000000000000
10100000000000000000000
01000000000000000000000
01100000000000000000000
10110110000000000000000
01100000000000000000000
11011010000000000000000
00000000000000000000000
00000000000000000000000
11011010000000000000000
11001000000000000000000
00100000000000000000000
00000000000000000000000
11100100000000000000000
10100000000000000000000
01111000000000000000000
01010000000000000000000
10110101000000000000000
01100000000000000000000
00000000000000000000000
00000000000000000000000
00000000000000000000000
11111001000000000000000
10100000000000000000000
10110000000000000000000
00000000000000000000000
10110011000000000000000
11110011000000000000000
00100000000000000000000
11111001100000000000000
00000000000000000000000
00100000000000000000000
01010000000000000000000
11110100000000000000000
11101110000000000000000
10100000000000000000000
10011000000000000000000
01000000000000000000000
10110000000000000000000
01010000000000000000000
01010000000000000000000
00000000000000000000000
11100100000000000000000
11001000000000000000000
00100000000000000000000
00100000000000000000000
11110110000000000000000
11101100000000000000000
11100000000000000000000
10100000000000000000000
10110100000000000000000
01000000000000000000000
10110100000000000000000
10001000000000000000000
00100000000000000000000
11111011110000000000000
00000000000000000000000
00100000000000000000000
11001000000000000000000
11000000000000000000000
11101110000000000000000
10100000000000000000000
01110000000000000000000
01110000000000000000000
10001100000000000000000
10000000000000000000000
10110111000000000000000
01000000000000000000000
11011100000000000000000
10010000000000000000000
01110000000000000000000
01000000000000000000000
10001000000000000000000
01010000000000000000000
00100000000000000000000
00100000000000000000000
11000000000000000000000
11011100000000000000000
01110000000000000000000
01100000000000000000000
11000000000000000000000
00000000000000000000000
11111010000000000000000
11111111001000000000000
11110110000000000000000
10100000000000000000000
11001001000000000000000
11010101000000000000000
11110001001000000000000
10110100000000000000000
11010011110000000000000
00100000000000000000000
00100000000000000000000
10001000000000000000000
10110111000000000000000
11011010000000000000000
10111001000000000000000
10010100000000000000000
00000000000000000000000
01100000000000000000000
11011010000000000000000
01110000000000000000000
00000000000000000000000
01010000000000000000000
01100000000000000000000
11000000000000000000000
00000000000000000000000
01010000000000000000000
11111111100000010000000
11000000000000000000000
00100000000000000000000
00000000000000000000000
00100000000000000000000
00100000000000000000000
11110110000000000000000
00000000000000000000000
11110111000000000000000
11110100000000000000000
10100000000000000000000
11100010000000000000000
11010110110000000000000
10111101000000000000000
10010000000000000000000
10111111000000000000000
10111111000000000000000
00100000000000000000000
10011000000000000000000
10010000000000000000000
11001000000000000000000
00000000000000000000000
00000000000000000000000
11011010000000000000000
00000000000000000000000
00000000000000000000000
01000000000000000000000
00000000000000000000000
00100000000000000000000
00000000000000000000000
00000000000000000000000
11111001010000000000000
00000000000000000000000
11101010000000000000000
11000000000000000000000
11100000000000000000000
11101010000000000000000
11101010000000000000000
00100000000000000000000
10100000000000000000000
11101111110000000000000
10110100000000000000000
11110001001000000000000
11010011100000000000000
10111110000000000000000
10010000000000000000000
01000000000000000000000
10001000000000000000000
01010000000000000000000
01100000000000000000000
01110000000000000000000
10001000000000000000000
10010100000000000000000
01110000000000000000000
00100000000000000000000
00100000000000000000000
00000000000000000000000
11011010000000000000000
10010000000000000000000
00000000000000000000000
00000000000000000000000
00000000000000000000000
00000000000000000000000
00000000000000000000000
11100000000000000000000
11001000000000000000000
11001000000000000000000
11001000000000000000000
11001000000000000000000
11000000000000000000000
11110110000000000000000
10100000000000000000000
10111110000000000000000
00100000000000000000000
00000000000000000000000
01010000000000000000000
10010100000000000000000
01000000000000000000000
11011100000000000000000
01000000000000000000000
01100000000000000000000
01010000000000000000000
01110000000000000000000
01010000000000000000000
11101100000000000000000
00100000000000000000000
00000000000000000000000
00100000000000000000000
11001000000000000000000
00000000000000000000000
10100000000000000000000
01000000000000000000000
00000000000000000000000
10001100000000000000000
00000000000000000000000
00100000000000000000000
00000000000000000000000
11111011101000000000000
11100100000000000000000
11111010100000000000000
10100000000000000000000
01000000000000000000000
01010000000000000000000
10110110000000000000000
01010000000000000000000
00100000000000000000000
11101010000000000000000
00000000000000000000000
00000000000000000000000
10100000000000000000000
01111000000000000000000
01010000000000000000000
10110110000000000000000
01010000000000000000000
11001000000000000000000
00000000000000000000000
00100000000000000000000
11101100000000000000000
00000000000000000000000
11111100100000000000000
10100000000000000000000
01110000000000000000000
11111011001010000000000
00000000000000000000000
00100000000000000000000
00100000000000000000000
11100100000000000000000
00100000000000000000000
11111100100000000000000
00000000000000000000000
10100000000000000000000
10011000000000000000000
10001000000000000000000
10110100000000000000000
10001100000000000000000
01010000000000000000000
00100000000000000000000
11001000000000000000000
11001000000000000000000
00100000000000000000000
11111100010000000000000
10100000000000000000000
10011000000000000000000
00100000000000000000000
10000100000000000000000
10001000000000000000000
10001100000000000000000
01000000000000000000000
01100000000000000000000
10010000000000000000000
10010000000000000000000
00100000000000000000000
11000000000000000000000
01010000000000000000000
01010000000000000000000
00000000000000000000000
11011100000000000000000
00100000000000000000000
01100000000000000000000
01100000000000000000000
00100000000000000000000
11000000000000000000000
00000000000000000000000
00000000000000000000000
00000000000000000000000
11110101000000000000000
00100000000000000000000
00100000000000000000000
10100000000000000000000
11100111100000000000000
11010101010000000000000
11110001011000000000000
10110001000000000000000
10110001000000000000000
10010100000000000000000
01110000000000000000000
10110111000000000000000
10110110000000000000000
10000100000000000000000
01100000000000000000000
10111000000000000000000
10010100000000000000000
01010000000000000000000
01100000000000000000000
00000000000000000000000
00000000000000000000000
00100000000000000000000
01100000000000000000000
00100000000000000000000
01100000000000000000000
11000000000000000000000
10001100000000000000000
11000000000000000000000
11000000000000000000000
11001000000000000000000
11001000000000000000000
00000000000000000000000
00100000000000000000000
11100100000000000000000
11001000000000000000000
11111101000000000000000
11101000000000000000000
00100000000000000000000
11100100000000000000000
10100000000000000000000
11100101000000000000000
11010100000000000000000
11110001000100000000000
10111101000000000000000
11010100000000000000000
10111011000000000000000
10000000000000000000000
10011000000000000000000
01110000000000000000000
00100000000000000000000
00000000000000000000000
10000100000000000000000
00000000000000000000000
10001100000000000000000
00000000000000000000000
11011010000000000000000
00000000000000000000000
00000000000000000000000
10001000000000000000000
00100000000000000000000
00100000000000000000000
00000000000000000000000
00000000000000000000000
00000000000000000000000
00100000000000000000000
11001000000000000000000
11111011110000000000000
11000000000000000000000
11001000000000000000000
00100000000000000000000
11100100000000000000000
11100100000000000000000
11101010000000000000000
11111010000000000000000
10100000000000000000000
11001000000000000000000
01010000000000000000000
01010000000000000000000
00000000000000000000000
00000000000000000000000
10010000000000000000000
01010000000000000000000
11011100000000000000000
11001000000000000000000
11000000000000000000000
00000000000000000000000
11001000000000000000000
00100000000000000000000
00100000000000000000000
11000000000000000000000
00100000000000000000000
00000000000000000000000
00000000000000000000000
11100100000000000000000
11111111001000000000000
11100000000000000000000
10100000000000000000000
10001100000000000000000
10111011000000000000000
11011100000000000000000
11110011110000000000000
00100000000000000000000
00100000000000000000000
01100000000000000000000
00000000000000000000000
00100000000000000000000
00000000000000000000000
00100000000000000000000
00100000000000000000000
00000000000000000000000
11101110000000000000000
00000000000000000000000
11000000000000000000000
10100000000000000000000
11101010010000000000000
10011000000000000000000
11010011000000000000000
10110000000000000000000
10111000000000000000000
10111000000000000000000
00000000000000000000000
11110010100000000000000
01000000000000000000000
10111001000000000000000
10110111000000000000000
10000100000000000000000
00000000000000000000000
00100000000000000000000
01100000000000000000000
00000000000000000000000
10010100000000000000000
01110000000000000000000
01110000000000000000000
01010000000000000000000
11001000000000000000000
11000000000000000000000
11000000000000000000000
01100000000000000000000
11101010000000000000000
01010000000000000000000
11001000000000000000000
11011010000000000000000
00100000000000000000000
00100000000000000000000
00000000000000000000000
11000000000000000000000
00100000000000000000000
00000000000000000000000
00100000000000000000000
11101000000000000000000
11001000000000000000000
11111100110000000000000
00000000000000000000000
10100000000000000000000
10100110000000000000000
10010000000000000000000
10110011000000000000000
10011000000000000000000
10001100000000000000000
10111010000000000000000
00100000000000000000000
10010100000000000000000
00000000000000000000000
11010100000000000000000
00100000000000000000000
00000000000000000000000
10111010000000000000000
00100000000000000000000
01010000000000000000000
00100000000000000000000
01110000000000000000000
11100000000000000000000
10011000000000000000000
11111001110000000000000
11101110000000000000000
11111110001000000000000
11001000000000000000000
11101010000000000000000
11000000000000000000000
11101100000000000000000
11001000000000000000000
11001000000000000000000
11100100000000000000000
11111100100000000000000
00000000000000000000000
10001100000000000000000
00000000000000000000000
11010101000000000000000
10001000000000000000000
00100000000000000000000
11111011010100000000000
10001100000000000000000
10111111000000000000000
01000000000000000000000
01110000000000000000000
00100000000000000000000
01010000000000000000000
01100000000000000000000
11001000000000000000000
11111001100000000000000
10111000000000000000000
01010000000000000000000
01110000000000000000000
00100000000000000000000
11001000000000000000000
00100000000000000000000
00000000000000000000000
11000000000000000000000
11001000000000000000000
11011010000000000000000
11001000000000000000000
00100000000000000000000
11001000000000000000000
00100000000000000000000
11000000000000000000000
00100000000000000000000
11000000000000000000000
11001000000000000000000
11000000000000000000000
11111110010000000000000
10100000000000000000000
11010001000000000000000
10110011000000000000000
11010111110000000000000
11010110110000000000000
10000100000000000000000
10001100000000000000000
01010000000000000000000
00100000000000000000000
10011000000000000000000
10000100000000000000000
01000000000000000000000
10111001000000000000000
01000000000000000000000
01100000000000000000000
01100000000000000000000
11100000000000000000000
01110000000000000000000
11011010000000000000000
11000000000000000000000
11001000000000000000000
11100000000000000000000
11001000000000000000000
11000000000000000000000
00000000000000000000000
00100000000000000000000
00000000000000000000000
11000000000000000000000
00000000000000000000000
11101000000000000000000
11111110011000000000000
10100000000000000000000
11011000000000000000000
10110100000000000000000
11110001001110000000000
00000000000000000000000
01110000000000000000000
01010000000000000000000
01010000000000000000000
00100000000000000000000
10111010000000000000000
11010011100000000000000
10111001000000000000000
10001000000000000000000
00100000000000000000000
01100000000000000000000
00100000000000000000000
11111001010000000000000
11011010000000000000000
11000000000000000000000
01100000000000000000000
00000000000000000000000
01100000000000000000000
11100000000000000000000
11001000000000000000000
00000000000000000000000
11000000000000000000000
00100000000000000000000
11100000000000000000000
11100100000000000000000
00100000000000000000000
11100000000000000000000
11111100110000000000000
10100000000000000000000
10100000000000000000000
00000000000000000000000
11110001010100000000000
10111111000000000000000
00000000000000000000000
11010100010000000000000
10011000000000000000000
00000000000000000000000
00000000000000000000000
10110001000000000000000
01100000000000000000000
01110000000000000000000
10000100000000000000000
00100000000000000000000
01110000000000000000000
01010000000000000000000
00100000000000000000000
01000000000000000000000
01000000000000000000000
01100000000000000000000
01010000000000000000000
11100100000000000000000
01010000000000000000000
10001100000000000000000
11101110000000000000000
11101000000000000000000
11101110000000000000000
00100000000000000000000
11001000000000000000000
01010000000000000000000
11100100000000000000000
00100000000000000000000
00100000000000000000000
00100000000000000000000
11111100010000000000000
10100000000000000000000
11010101000000000000000
11010101100000000000000
11010111110000000000000
01100000000000000000000
01000000000000000000000
10110100000000000000000
01010000000000000000000
00100000000000000000000
11010010010000000000000
10001100000000000000000
01100000000000000000000
10011000000000000000000
10011100000000000000000
11110011000000000000000
00000000000000000000000
11100000000000000000000
01100000000000000000000
10000100000000000000000
01100000000000000000000
11000000000000000000000
11011010000000000000000
11101110000000000000000
00100000000000000000000
11101000000000000000000
00000000000000000000000
11101110000000000000000
11000000000000000000000
00000000000000000000000
11111100010000000000000
10100000000000000000000
11100111110000000000000
11010110000000000000000
11010100010000000000000
11010101110000000000000
11010100000000000000000
10111011000000000000000
10011100000000000000000
11000000000000000000000
10001000000000000000000
10011100000000000000000
00000000000000000000000
10110100000000000000000
01110000000000000000000
11000000000000000000000
01010000000000000000000
01000000000000000000000
10000100000000000000000
00100000000000000000000
01000000000000000000000
11000000000000000000000
01010000000000000000000
11000000000000000000000
00000000000000000000000
00100000000000000000000
11001000000000000000000
01010000000000000000000
11001000000000000000000
11101010000000000000000
11100100000000000000000
11001000000000000000000
00000000000000000000000
00000000000000000000000
00100000000000000000000
11001000000000000000000
11111110100000000000000
10100000000000000000000
11001010000000000000000
01100000000000000000000
11010011010000000000000
10111100000000000000000
01110000000000000000000
00100000000000000000000
11001000000000000000000
00000000000000000000000
10110110000000000000000
01110000000000000000000
01010000000000000000000
01010000000000000000000
00000000000000000000000
11000000000000000000000
11001000000000000000000
00100000000000000000000
11000000000000000000000
11100000000000000000000
01010000000000000000000
00000000000000000000000
11000000000000000000000
11101010000000000000000
11111010000000000000000
11111100000000000000000
10100000000000000000000
01100000000000000000000
10001100000000000000000
11010010010000000000000
10111001000000000000000
10010000000000000000000
10010100000000000000000
00000000000000000000000
00000000000000000000000
00000000000000000000000
11011000000000000000000
01100000000000000000000
01100000000000000000000
11101010000000000000000
11111001010000000000000
01100000000000000000000
00000000000000000000000
01100000000000000000000
00100000000000000000000
11111100100000000000000
11001000000000000000000
11100100000000000000000
10100000000000000000000
10110010000000000000000
01000000000000000000000
11010001110000000000000
01110000000000000000000
01100000000000000000000
01110000000000000000000
11011100000000000000000
00000000000000000000000
10010100000000000000000
00000000000000000000000
00100000000000000000000
01000000000000000000000
00100000000000000000000
00000000000000000000000
00100000000000000000000
11011100000000000000000
00100000000000000000000
01010000000000000000000
00000000000000000000000
11101000000000000000000
11001000000000000000000
11101110000000000000000
11110111000000000000000
11101000000000000000000
00100000000000000000000
11111111001000000000000
11000000000000000000000
10100000000000000000000
11001001000000000000000
11010101010000000000000
10110100000000000000000
00000000000000000000000
10110011000000000000000
10111000000000000000000
01000000000000000000000
10001000000000000000000
00000000000000000000000
01100000000000000000000
01010000000000000000000
01100000000000000000000
00000000000000000000000
11110010110000000000000
00000000000000000000000
01100000000000000000000
11001000000000000000000
00000000000000000000000
00100000000000000000000
11110111000000000000000
00100000000000000000000
11101010000000000000000
10100000000000000000000
10111000000000000000000
10001100000000000000000
11010011000000000000000
10111001000000000000000
10010000000000000000000
01010000000000000000000
00000000000000000000000
00100000000000000000000
00100000000000000000000
11001000000000000000000
01010000000000000000000
01010000000000000000000
11000000000000000000000
11100000000000000000000
11011100000000000000000
00100000000000000000000
00000000000000000000000
00000000000000000000000
00000000000000000000000
00000000000000000000000
00000000000000000000000
11001000000000000000000
11000000000000000000000
11101010000000000000000
00100000000000000000000
00100000000000000000000
00000000000000000000000
00000000000000000000000
11101010000000000000000
11111110101000000000000
11110100000000000000000
00100000000000000000000
10100000000000000000000
11010101000000000000000
01000000000000000000000
10110010000000000000000
10111001000000000000000
01110000000000000000000
11001000000000000000000
10110111000000000000000
00000000000000000000000
11010100000000000000000
00000000000000000000000
00000000000000000000000
01110000000000000000000
00000000000000000000000
01010000000000000000000
11100100000000000000000
00000000000000000000000
01110000000000000000000
10010000000000000000000
01100000000000000000000
01100000000000000000000
00000000000000000000000
11011000000000000000000
11011010000000000000000
11011100000000000000000
00100000000000000000000
00000000000000000000000
00100000000000000000000
11000000000000000000000
00000000000000000000000
00100000000000000000000
11011010000000000000000
11000000000000000000000
11100100000000000000000
00000000000000000000000
00100000000000000000000
11001000000000000000000
11110101000000000000000
00100000000000000000000
11110111000000000000000
10100000000000000000000
10000000000000000000000
10010100000000000000000
01010000000000000000000
10011000000000000000000
01110000000000000000000
01100000000000000000000
11001000000000000000000
01100000000000000000000
10111001000000000000000
00000000000000000000000
01100000000000000000000
10011000000000000000000
11011010000000000000000
00000000000000000000000
00000000000000000000000
11100100000000000000000
00100000000000000000000
00000000000000000000000
00000000000000000000000
11011010000000000000000
00000000000000000000000
00000000000000000000000
00000000000000000000000
11101100000000000000000
11101100000000000000000
00000000000000000000000
00000000000000000000000
11000000000000000000000
11100000000000000000000
11101010000000000000000
11101100000000000000000
11101100000000000000000
11100000000000000000000
11001000000000000000000
10011000000000000000000
00100000000000000000000
00000000000000000000000
10110000000000000000000
10110001000000000000000
00000000000000000000000
01000000000000000000000
00100000000000000000000
10011100000000000000000
00100000000000000000000
10010100000000000000000
10011000000000000000000
00100000000000000000000
00000000000000000000000
10001100000000000000000
11001000000000000000000
00100000000000000000000
01000000000000000000000
11011110000000000000000
00000000000000000000000
00100000000000000000000
00000000000000000000000
00100000000000000000000
00100000000000000000000
00100000000000000000000
11101000000000000000000
11000000000000000000000
00100000000000000000000
00000000000000000000000
11101000000000000000000
11100000000000000000000
00100000000000000000000
11110111000000000000000
11101110000000000000000
11100000000000000000000
10100000000000000000000
10100110000000000000000
10111010000000000000000
11010110010000000000000
10010100000000000000000
01110000000000000000000
01100000000000000000000
11000000000000000000000
10110111000000000000000
01000000000000000000000
10001100000000000000000
10110101000000000000000
01010000000000000000000
00000000000000000000000
00100000000000000000000
11100000000000000000000
00000000000000000000000
10001000000000000000000
01010000000000000000000
11011010000000000000000
00100000000000000000000
11101000000000000000000
00000000000000000000000
11101110000000000000000
11101010000000000000000
11101100000000000000000
11110101000000000000000
11111110101000000000000
10100000000000000000000
10000000000000000000000
10110110000000000000000
10111011000000000000000
01110000000000000000000
10110111000000000000000
10011000000000000000000
00100000000000000000000
00100000000000000000000
00000000000000000000000
01000000000000000000000
10001100000000000000000
10010000000000000000000
01100000000000000000000
11100100000000000000000
00100000000000000000000
00000000000000000000000
00100000000000000000000
10010000000000000000000
11100100000000000000000
00000000000000000000000
00100000000000000000000
11110111000000000000000
10100000000000000000000
11010111000000000000000
10001100000000000000000
11010100110000000000000
10010000000000000000000
10111100000000000000000
01100000000000000000000
10001000000000000000000
01010000000000000000000
01110000000000000000000
01110000000000000000000
01100000000000000000000
01100000000000000000000
01110000000000000000000
00100000000000000000000
01000000000000000000000
00000000000000000000000
01000000000000000000000
01110000000000000000000
01110000000000000000000
11000000000000000000000
11001000000000000000000
00100000000000000000000
01100000000000000000000
01100000000000000000000
00100000000000000000000
01100000000000000000000
11101000000000000000000
00000000000000000000000
01010000000000000000000
00000000000000000000000
00000000000000000000000
11001000000000000000000
00100000000000000000000
11101100000000000000000
00000000000000000000000
11100000000000000000000
11111111111101010000000
01110000000000000000000
10111001000000000000000
10111000000000000000000
00100000000000000000000
10001100000000000000000
01000000000000000000000
10010100000000000000000
10010000000000000000000
00000000000000000000000
01110000000000000000000
10010100000000000000000
10000100000000000000000
11001000000000000000000
00000000000000000000000
00000000000000000000000
00100000000000000000000
01110000000000000000000
11011100000000000000000
11100100000000000000000
11100100000000000000000
00100000000000000000000
00000000000000000000000
11001000000000000000000
00000000000000000000000
01010000000000000000000
11011010000000000000000
01110000000000000000000
11000000000000000000000
00100000000000000000000
11001000000000000000000
11000000000000000000000
00100000000000000000000
11100100000000000000000
00100000000000000000000
00000000000000000000000
00100000000000000000000
00100000000000000000000
11101010000000000000000
11001000000000000000000
11111010100000000000000
01100000000000000000000
01010000000000000000000
11010100100000000000000
11111011010100000000000
10011100000000000000000
01100000000000000000000
10010000000000000000000
11111011010100000000000
01000000000000000000000
01000000000000000000000
10010000000000000000000
00100000000000000000000
01000000000000000000000
00100000000000000000000
01000000000000000000000
01100000000000000000000
00100000000000000000000
01010000000000000000000
10001100000000000000000
00100000000000000000000
11000000000000000000000
00000000000000000000000
00000000000000000000000
11100100000000000000000
11100000000000000000000
11001000000000000000000
00100000000000000000000
11001000000000000000000
00100000000000000000000
11000000000000000000000
00100000000000000000000
11111110011000000000000
00100000000000000000000
11111100010000000000000
10100000000000000000000
00000000000000000000000
00000000000000000000000
10011000000000000000000
10011000000000000000000
00000000000000000000000
01100000000000000000000
11111001000000000000000
10001100000000000000000
01100000000000000000000
10010000000000000000000
01010000000000000000000
00000000000000000000000
00100000000000000000000
11001000000000000000000
00000000000000000000000
00000000000000000000000
11001000000000000000000
00000000000000000000000
11000000000000000000000
11101010000000000000000
00100000000000000000000
11001000000000000000000
00100000000000000000000
01100000000000000000000
11100100000000000000000
11100100000000000000000
00000000000000000000000
11001000000000000000000
11111111111101011000000
11110101000000000000000
10000100000000000000000
10111010000000000000000
10111111000000000000000
10010100000000000000000
01100000000000000000000
10011000000000000000000
01110000000000000000000
01010000000000000000000
00000000000000000000000
00000000000000000000000
01000000000000000000000
00000000000000000000000
10001100000000000000000
01010000000000000000000
01100000000000000000000
01100000000000000000000
11000000000000000000000
00000000000000000000000
11011010000000000000000
00000000000000000000000
11100000000000000000000
11001000000000000000000
00100000000000000000000
00100000000000000000000
00000000000000000000000
11001000000000000000000
00100000000000000000000
00100000000000000000000
11111010000000000000000
11000000000000000000000
00000000000000000000000
11101010000000000000000
11000000000000000000000
11100000000000000000000
11101110000000000000000
00000000000000000000000
10100000000000000000000
11000101000000000000000
11010110010000000000000
10010100000000000000000
10001100000000000000000
10011000000000000000000
10111010000000000000000
01000000000000000000000
01100000000000000000000
10001100000000000000000
01010000000000000000000
00100000000000000000000
01010000000000000000000
11111101110110000000000
00000000000000000000000
00000000000000000000000
01100000000000000000000
00000000000000000000000
00100000000000000000000
11101000000000000000000
11001000000000000000000
11001000000000000000000
00100000000000000000000
11101000000000000000000
11100100000000000000000
00100000000000000000000
11100000000000000000000
10100000000000000000000
11010001000000000000000
10111011000000000000000
10011100000000000000000
10111001000000000000000
10111100000000000000000
10011100000000000000000
11011110000000000000000
10011100000000000000000
10111001000000000000000
11011100000000000000000
00100000000000000000000
11100000000000000000000
00000000000000000000000
01100000000000000000000
01110000000000000000000
01110000000000000000000
01010000000000000000000
00000000000000000000000
11001000000000000000000
11100000000000000000000
00000000000000000000000
00000000000000000000000
00000000000000000000000
11101100000000000000000
11101010000000000000000
11111100100000000000000
11111110101000000000000
10100000000000000000000
01101000000000000000000
00000000000000000000000
01110000000000000000000
10001100000000000000000
10000100000000000000000
01100000000000000000000
01010000000000000000000
10000100000000000000000
10001100000000000000000
01000000000000000000000
10010000000000000000000
01100000000000000000000
10010100000000000000000
10010000000000000000000
11000000000000000000000
00000000000000000000000
00000000000000000000000
01000000000000000000000
00000000000000000000000
01010000000000000000000
11001000000000000000000
01100000000000000000000
01100000000000000000000
01100000000000000000000
00100000000000000000000
11000000000000000000000
11110110000000000000000
11101110000000000000000
11101100000000000000000
11101010000000000000000
10100000000000000000000
10100010000000000000000
10111100000000000000000
10111010000000000000000
01100000000000000000000
10010100000000000000000
10010100000000000000000
00100000000000000000000
00100000000000000000000
01000000000000000000000
11011100000000000000000
01010000000000000000000
01010000000000000000000
00100000000000000000000
11101000000000000000000
00000000000000000000000
01100000000000000000000
11000000000000000000000
11001000000000000000000
11000000000000000000000
11110111000000000000000
00100000000000000000000
00000000000000000000000
11000000000000000000000
11001000000000000000000
11000000000000000000000
11101000000000000000000
11001000000000000000000
11111110010000000000000
10100000000000000000000
10101110000000000000000
11011100000000000000000
01100000000000000000000
01100000000000000000000
11101110000000000000000
11101100000000000000000
11100100000000000000000
00000000000000000000000
00100000000000000000000
10100000000000000000000
01111000000000000000000
11001000000000000000000
00000000000000000000000
11011100000000000000000
00000000000000000000000
11100000000000000000000
11111100000000000000000
11101110000000000000000
10100000000000000000000
01000000000000000000000
01000000000000000000000
01100000000000000000000
11111001010000000000000
00000000000000000000000
11001000000000000000000
11100100000000000000000
00000000000000000000000
11100100000000000000000
00100000000000000000000
00100000000000000000000
11000000000000000000000
11100100000000000000000
11000000000000000000000
11111010000000000000000
10100000000000000000000
10111100000000000000000
10110110000000000000000
10111101000000000000000
01110000000000000000000
10110101000000000000000
00000000000000000000000
01100000000000000000000
01000000000000000000000
10000000000000000000000
00100000000000000000000
01100000000000000000000
01010000000000000000000
00100000000000000000000
10010000000000000000000
00100000000000000000000
11000000000000000000000
01110000000000000000000
00000000000000000000000
11011100000000000000000
11101010000000000000000
00000000000000000000000
11000000000000000000000
11100000000000000000000
01010000000000000000000
11111010000000000000000
11111111001000000000000
11110100000000000000000
10100000000000000000000
10011000000000000000000
10111000000000000000000
01100000000000000000000
01000000000000000000000
01100000000000000000000
10001000000000000000000
00000000000000000000000
10011000000000000000000
10011100000000000000000
10010100000000000000000
01010000000000000000000
11111011010100000000000
01100000000000000000000
01010000000000000000000
11000000000000000000000
01010000000000000000000
00100000000000000000000
00000000000000000000000
00100000000000000000000
00000000000000000000000
01110000000000000000000
11000000000000000000000
01010000000000000000000
01010000000000000000000
00000000000000000000000
11100000000000000000000
11001000000000000000000
11000000000000000000000
11111011101000000000000
00100000000000000000000
11101100000000000000000
11101000000000000000000
11110111000000000000000
11100000000000000000000
00000000000000000000000
11101010000000000000000
01000000000000000000000
10011000000000000000000
01110000000000000000000
10000100000000000000000
01010000000000000000000
00000000000000000000000
10001000000000000000000
00000000000000000000000
01000000000000000000000
01110000000000000000000
11011100000000000000000
01000000000000000000000
11110010010000000000000
11001000000000000000000
00100000000000000000000
01000000000000000000000
11111011101000000000000
00100000000000000000000
01000000000000000000000
01110000000000000000000
00100000000000000000000
00100000000000000000000
00100000000000000000000
11001000000000000000000
11100100000000000000000
11101100000000000000000
00100000000000000000000
00000000000000000000000
00100000000000000000000
11000000000000000000000
00100000000000000000000
00000000000000000000000
11110110000000000000000
00000000000000000000000
00000000000000000000000
00000000000000000000000
11100000000000000000000
11100100000000000000000
10100000000000000000000
10010000000000000000000
10111010000000000000000
10001100000000000000000
10111011000000000000000
10000000000000000000000
10001100000000000000000
10001100000000000000000
00000000000000000000000
10011000000000000000000
01110000000000000000000
01100000000000000000000
01010000000000000000000
00000000000000000000000
01000000000000000000000
01100000000000000000000
00100000000000000000000
10001100000000000000000
00000000000000000000000
01110000000000000000000
10001100000000000000000
00100000000000000000000
00100000000000000000000
11000000000000000000000
01100000000000000000000
11000000000000000000000
01100000000000000000000
00100000000000000000000
11011100000000000000000
00000000000000000000000
00100000000000000000000
00000000000000000000000
00100000000000000000000
00100000000000000000000
00000000000000000000000
11000000000000000000000
00100000000000000000000
11001000000000000000000
00100000000000000000000
00000000000000000000000
11100000000000000000000
11000000000000000000000
00000000000000000000000
11101010000000000000000
11100100000000000000000
11000000000000000000000
00100000000000000000000
00100000000000000000000
11100100000000000000000
01000000000000000000000
10011000000000000000000
10011000000000000000000
01100000000000000000000
10110111000000000000000
11011010000000000000000
01110000000000000000000
01100000000000000000000
11011000000000000000000
11011000000000000000000
00100000000000000000000
01010000000000000000000
00000000000000000000000
01100000000000000000000
01010000000000000000000
01010000000000000000000
00100000000000000000000
00000000000000000000000
11100100000000000000000
01010000000000000000000
11001000000000000000000
11111110001000000000000
11111010000000000000000
11100100000000000000000
00000000000000000000000
00100000000000000000000
11110100000000000000000
11001000000000000000000
00100000000000000000000
11000000000000000000000
11100100000000000000000
11000000000000000000000
00100000000000000000000
00000000000000000000000
10100000000000000000000
11001000000000000000000
11010100000000000000000
10011000000000000000000
00000000000000000000000
10011100000000000000000
10111000000000000000000
11011110000000000000000
00000000000000000000000
11001000000000000000000
11101000000000000000000
11000000000000000000000
00100000000000000000000
00100000000000000000000
00100000000000000000000
00100000000000000000000
11001000000000000000000
11001000000000000000000
11100100000000000000000
00100000000000000000000
11100100000000000000000
10100000000000000000000
01101000000000000000000
00100000000000000000000
10111001000000000000000
01100000000000000000000
00100000000000000000000
01010000000000000000000
00100000000000000000000
00000000000000000000000
11011100000000000000000
00100000000000000000000
00100000000000000000000
00000000000000000000000
00100000000000000000000
00100000000000000000000
11001000000000000000000
00100000000000000000000
11001000000000000000000
11101110000000000000000
00100000000000000000000
10100000000000000000000
01100000000000000000000
00000000000000000000000
10010000000000000000000
01010000000000000000000
11111011110000000000000
11001000000000000000000
01100000000000000000000
11011100000000000000000
00000000000000000000000
11000000000000000000000
11000000000000000000000
00000000000000000000000
11000000000000000000000
11100000000000000000000
10100000000000000000000
00000000000000000000000
11110011000000000000000
01010000000000000000000
11001000000000000000000
11001000000000000000000
00100000000000000000000
11001000000000000000000
00100000000000000000000
11000000000000000000000
11101100000000000000000
10100000000000000000000
00000000000000000000000
00000000000000000000000
10010100000000000000000
00000000000000000000000
11001000000000000000000
11100100000000000000000
01010000000000000000000
11011100000000000000000
11111010100000000000000
10100000000000000000000
00000000000000000000000
11110011010000000000000
00000000000000000000000
11001000000000000000000
11100100000000000000000
01010000000000000000000
11001000000000000000000
00000000000000000000000
11000000000000000000000
11000000000000000000000
11000000000000000000000
00100000000000000000000
11111111111101011000000
10100000000000000000000
01110000000000000000000
11110011100000000000000
01010000000000000000000
01100000000000000000000
01100000000000000000000
00100000000000000000000
11011100000000000000000
00100000000000000000000
01100000000000000000000
11000000000000000000000
00100000000000000000000
00100000000000000000000
11101010000000000000000
11000000000000000000000
11001000000000000000000
00100000000000000000000
11111111111010111000000
10100000000000000000000
01111000000000000000000
00100000000000000000000
10111001000000000000000
10001100000000000000000
00100000000000000000000
01000000000000000000000
11000000000000000000000
11011010000000000000000
01110000000000000000000
11001000000000000000000
00100000000000000000000
00000000000000000000000
00100000000000000000000
00000000000000000000000
00100000000000000000000
11001000000000000000000
11000000000000000000000
00100000000000000000000
00000000000000000000000
00000000000000000000000
11101110000000000000000
11100000000000000000000
11110100000000000000000
11100100000000000000000
11001000000000000000000
10100000000000000000000
10010000000000000000000
10001000000000000000000
10111101000000000000000
01000000000000000000000
01000000000000000000000
10011100000000000000000
01010000000000000000000
01110000000000000000000
01110000000000000000000
01010000000000000000000
01100000000000000000000
01110000000000000000000
01010000000000000000000
11000000000000000000000
11011010000000000000000
00100000000000000000000
00000000000000000000000
00100000000000000000000
00000000000000000000000
00000000000000000000000
11001000000000000000000
11000000000000000000000
11110110000000000000000
11001000000000000000000
11001000000000000000000
11100100000000000000000
00000000000000000000000
11101100000000000000000
11111100000000000000000
11110100000000000000000
10100000000000000000000
00000000000000000000000
10010100000000000000000
10111000000000000000000
10110110000000000000000
10011000000000000000000
10010100000000000000000
10010000000000000000000
10010100000000000000000
01100000000000000000000
00100000000000000000000
10011100000000000000000
01010000000000000000000
01110000000000000000000
01110000000000000000000
01110000000000000000000
00100000000000000000000
01100000000000000000000
11101000000000000000000
00000000000000000000000
01100000000000000000000
11000000000000000000000
11100100000000000000000
11111010100000000000000
00000000000000000000000
11001000000000000000000
00100000000000000000000
11101010000000000000000
11110100000000000000000
11111100010000000000000
11001000000000000000000
11100000000000000000000
00000000000000000000000
10001000000000000000000
10111111000000000000000
11011000000000000000000
10010000000000000000000
11011010000000000000000
10010100000000000000000
01100000000000000000000
01110000000000000000000
10011000000000000000000
10000100000000000000000
00100000000000000000000
11101010000000000000000
00000000000000000000000
01110000000000000000000
01010000000000000000000
11001000000000000000000
11110101000000000000000
11101100000000000000000
11001000000000000000000
11111111011010000000000
00100000000000000000000
00100000000000000000000
11101010000000000000000
00000000000000000000000
11100100000000000000000
11110100000000000000000
00100000000000000000000
11100100000000000000000
10100000000000000000000
01111000000000000000000
01000000000000000000000
10111111000000000000000
10001100000000000000000
11111011001110000000000
11110010110000000000000
00100000000000000000000
01010000000000000000000
11011010000000000000000
00100000000000000000000
01010000000000000000000
00100000000000000000000
00000000000000000000000
11011010000000000000000
00000000000000000000000
00000000000000000000000
10001000000000000000000
01010000000000000000000
00100000000000000000000
00000000000000000000000
01100000000000000000000
00000000000000000000000
11100100000000000000000
00100000000000000000000
00100000000000000000000
00000000000000000000000
01100000000000000000000
00100000000000000000000
11001000000000000000000
00000000000000000000000
00100000000000000000000
00100000000000000000000
11100100000000000000000
11011010000000000000000
00100000000000000000000
11000000000000000000000
00100000000000000000000
11001000000000000000000
00000000000000000000000
11100000000000000000000
11110110000000000000000
00000000000000000000000
10100000000000000000000
10101110000000000000000
10111110000000000000000
10111000000000000000000
01000000000000000000000
10111000000000000000000
10010000000000000000000
10001100000000000000000
01100000000000000000000
10001100000000000000000
11110011010000000000000
11000000000000000000000
01010000000000000000000
01000000000000000000000
11011010000000000000000
00100000000000000000000
00000000000000000000000
10010000000000000000000
01100000000000000000000
11001000000000000000000
11000000000000000000000
00100000000000000000000
11001000000000000000000
00100000000000000000000
00100000000000000000000
11100000000000000000000
11110110000000000000000
11100100000000000000000
11001000000000000000000
11111010100000000000000
00100000000000000000000
00100000000000000000000
10100000000000000000000
10110000000000000000000
00000000000000000000000
01100000000000000000000
01000000000000000000000
00000000000000000000000
10100000000000000000000
01100000000000000000000
11011000000000000000000
00000000000000000000000
11001100000000000000000
01000000000000000000000
00000000000000000000000
11010000000000000000000
10001000000000000000000
01000000000000000000000
00000000000000000000000
01100000000000000000000
10011000000000000000000
01000000000000000000000
10110000000000000000000
01000000000000000000000
00000000000000000000000
11100111000000000000000
10001000000000000000000
10010000000000000000000
00000000000000000000000
11010100000000000000000
01000000000000000000000
10010000000000000000000
10110000000000000000000
00000000000000000000000
01000000000000000000000
10010000000000000000000
10010000000000000000000
11010000000000000000000
00000000000000000000000
11100010000000000000000
01000000000000000000000
10010000000000000000000
10110000000000000000000
01100000000000000000000
10110000000000000000000
01100000000000000000000
00000000000000000000000
11011100000000000000000
01000000000000000000000
10010000000000000000000
00000000000000000000000
01000000000000000000000
10111000000000000000000
10111000000000000000000
01100000000000000000000
00000000000000000000000
10110000000000000000000
10011000000000000000000
11000011100000000000000
01100000000000000000000
01100000000000000000000
11011000000000000000000
11010100000000000000000
10111000000000000000000
11101010000000000000000
11111110100000000000000
11111110100000000000000
11110010000000000000000
00000000000000000000000
11100111000000000000000
10001000000000000000000
10100100000000000000000
10101010000000000000000
01000000000000000000000
01100000000000000000000
10110000000000000000000
10110000000000000000000
10111000000000000000000
00000000000000000000000
11101010000000000000000
10000000000000000000000
10100010000000000000000
10010000000000000000000
01100000000000000000000
10111000000000000000000
01100000000000000000000
01100000000000000000000
11101000000000000000000
11111011110000000000000
11111011100000000000000
00000000000000000000000
11110101010000000000000
10100100000000000000000
10001000000000000000000
01000000000000000000000
01100000000000000000000
01000000000000000000000
11101010000000000000000
11111110100000000000000
11111111100000000000000
11111101010000000000000
00000000000000000000000
11110010100000000000000
10101010000000000000000
10101000000000000000000
01000000000000000000000
01000000000000000000000
10101010000000000000000
10111000000000000000000
01100000000000000000000
10111000000000000000000
10110000000000000000000
11011000000000000000000
11111001000000000000000
11011100000000000000000
11111111100000100000000
11111100100000000000000
00000000000000000000000
11101100000000000000000
10011000000000000000000
01000000000000000000000
01100000000000000000000
01000000000000000000000
01000000000000000000000
10111000000000000000000
10100110000000000000000
01100000000000000000000
10111000000000000000000
10001000000000000000000
10110000000000000000000
01100000000000000000000
10111000000000000000000
11110101000000000000000
10110000000000000000000
11111110100000000000000
11011000000000000000000
11111001000000000000000
01000000000000000000000
00000000000000000000000
11010100000000000000000
11000100100000000000000
10011000000000000000000
11110110010000000000000
01000000000000000000000
01000000000000000000000
10100100000000000000000
10001000000000000000000
00000000000000000000000
11110001110000000000000
10011000000000000000000
01000000000000000000000
10111000000000000000000
11010100000000000000000
00000000000000000000000
11011100000000000000000
10100010000000000000000
10101110000000000000000
10010000000000000000000
10000000000000000000000
01000000000000000000000
01100000000000000000000
10100110000000000000000
11101000000000000000000
01100000000000000000000
00000000000000000000000
00000000000000000000000
10011000000000000000000
10010000000000000000000
01100000000000000000000
10010000000000000000000
01100000000000000000000
10111000000000000000000
01100000000000000000000
00000000000000000000000
11001100000000000000000
01100000000000000000000
10001000000000000000000
01100000000000000000000
00000000000000000000000
10000000000000000000000
01000000000000000000000
10000000000000000000000
01100000000000000000000
11010000000000000000000
00000000000000000000000
11011000000000000000000
10010000000000000000000
11011100000000000000000
00000000000000000000000
10010000000000000000000
10110000000000000000000
00000000000000000000000
10100000000000000000000
11100101000000000000000
11010000000000000000000
00000000000000000000000
10100000000000000000000
01100000000000000000000
01000000000000000000000
10111000000000000000000
00000000000000000000000
01000000000000000000000
00000000000000000000000
01100000000000000000000
10010000000000000000000
01100000000000000000000
11010000000000000000000
01100000000000000000000
00000000000000000000000
11010000000000000000000
11101000000000000000000
00000000000000000000000
10000000000000000000000
01100000000000000000000
01000000000000000000000
00000000000000000000000
10000000000000000000000
10010000000000000000000
11011000000000000000000
00000000000000000000000
11011000000000000000000
01000000000000000000000
11010100000000000000000
01000000000000000000000
10111000000000000000000
01000000000000000000000
00000000000000000000000
10000000000000000000000
10010000000000000000000
01100000000000000000000
00000000000000000000000
11000100000000000000000
01100000000000000000000
01100000000000000000000
00000000000000000000000
01000000000000000000000
10001000000000000000000
10101000000000000000000
10110000000000000000000
00000000000000000000000
10110000000000000000000
01100000000000000000000
10011000000000000000000
10001000000000000000000
01100000000000000000000
11101010000000000000000
00000000000000000000000
11000100000000000000000
01100000000000000000000
10010000000000000000000
01000000000000000000000
10111000000000000000000
10110000000000000000000
00000000000000000000000
11000100000000000000000
10010000000000000000000
01100000000000000000000
10110000000000000000000
01100000000000000000000
00000000000000000000000
11011000000000000000000
11100101000000000000000
01100000000000000000000
01100000000000000000000
10001000000000000000000
11010000000000000000000
00000000000000000000000
10000000000000000000000
01000000000000000000000
11010100000000000000000
01100000000000000000000
11010100000000000000000
11011100000000000000000
00000000000000000000000
10000000000000000000000
10000000000000000000000
01000000000000000000000
11100110000000000000000
01100000000000000000000
11100110000000000000000
01100000000000000000000
00000000000000000000000
11101010000000000000000
01000000000000000000000
00000000000000000000000
11001000000000000000000
10010000000000000000000
10000000000000000000000
01000000000000000000000
01100000000000000000000
01100000000000000000000
10111000000000000000000
00000000000000000000000
10100000000000000000000
01000000000000000000000
01000000000000000000000
01000000000000000000000
01000000000000000000000
11011000000000000000000
00000000000000000000000
01100000000000000000000
10111000000000000000000
00000000000000000000000
01000000000000000000000
00000000000000000000000
