100011
10111010
100011
11001
0111
001
001
001
1110111
1110100
1010
1010000
100100
0100
000
111001
111000
000
000
11110100
000
1010
100011
100101
0100
0101
000
100100
0110
0101
100011
0111
1101110
0101
000
1110111
11000
1010
100011
1101100
000
1101110
1110101
001
000
000
111001
1110100
000
11001
111110100
000
11111110010
111001
1010
0101
0110
0101
000
0110
001
001
1111100101
000
0101
000
001
11000
11001
000
000
1010
0100
001
100011
000
11001
11000
1010
0101
1101100
000
001
1110110
001
1101110
11110111
1110111
1010
100101
0110
100001
11000
000
0101
0101
11000
0110
0101
001
000
000
11000
0110
000
001
001
11001
111001
11001
001
1110110
11000
111000
1010
01111
0100
10110111
11001
000
000
11001
11001
11001
111110100
1010
1011000
0101
10110101
000
000
001
111000
11001
001
000
11001
111000
11001
000
11000
001
1010
1011000
0100
10110011
11001
1110110
11110111
1010
1110011001
1111000100111
100011
1111001010
1101010000
100010
000
11110101
100001
000
001
1111110101
001
1010
1110101111
10111010
100010
11001
0110
11000
0101
1110100
111110100
111000
1010
1010000
100101
100000
001
11001
111001
1110101
1010
100001
0111
100010
001
111001
001
000
000
1110100
1110101
111111110001
1010
100011
001
100000
001
1111110001
1010
00
001
0100
001
11000
111000
111001
000
11001
1010
0101
001
100010
000
1101110
000
1101100
0101
001
11000
11000
000
1110101
001
11001
111001
11000
111001
1010
01111
1111001001
1101101
000
1110100
11000
11001
000
11001
111000
001
000
001
1010
100111
100010
0100
001
001
0101
1101101
11000
11111111001
11111111001
111001
1010
1011001
0101
0100
000
1110111
000
11000
111110100
1010
100101
100001
0100
111001
000
000
11000
1010
1011111
0100
100010
0101
1101101
000
1101100
000
001
11001
11000
111001
11001
1010
1110001010
1111000110101
0100
000
100011
1101011000
100011
000
000
001
11001
000
1111001000
000
111111111101000010
0110
1010
1110111000
10111010
10110110
0101
000
001
000
11000
000
111110101
111001
1010
1010000
0111
10110111
11000
001
111001
11001
111000
001
11000
1110100
1010
100011
0111
10110110
0110
001
001
000
111000
11110110
1010
100010
0110
10110110
001
000
001
11000
11000
1111110010
1010
0100
0110
10110110
0110
1101101
000
000
1101101
11001
001
000
111001
1010
01111
0101
10110101
0110
000
000
000
1111100100
1010
1011000
000
10110011
1111001100
001
1111100110
000
001
0101
11110100
1110111
1010
100110
0100
10110000
0101
0101
000
111001
11001
001
001
11110110
1110110
111000
1010
1011010
0100
10110100
100010
001
11111011110
000
001
11001
11000
1110111
1010
01110
0111
100011
100000
10110111
0100
1101110
100100
0111
0100
100010
0101
001
001
11000
1101110
0111
0110
11000
000
111110100
11111111001
11110110
1010
11001001
1101010100
1111000100100
10110100
1101001111
001
001
100010
10110111
1101101
10111001
100101
000
0110
1101101
0111
000
0101
0110
11000
000
0101
11111111100000010
11000
001
000
001
001
11110110
000
11110111
11110100
1010
1110001000
1101011011
10111101
100100
10111111
10111111
001
100110
100100
11001
000
000
1101101
000
000
0100
000
001
000
000
1111100101
000
1110101
11000
111000
1110101
1110101
001
1010
1110111111
10110100
1111000100100
1101001110
10111110
100100
0100
100010
0101
0110
0111
100010
100101
0111
001
001
000
1101101
100100
000
000
000
000
000
111000
11001
11001
11001
11001
11000
11110110
1010
1011111
001
000
0101
100101
0100
1101110
0100
0110
0101
0111
0101
1110110
001
000
001
11001
000
1010
0100
000
100011
000
001
000
11111011101
111001
111110101
1010
0100
0101
10110110
0101
001
1110101
000
000
1010
01111
0101
10110110
0101
11001
000
001
1110110
000
1111110010
1010
01110
1111101100101
000
001
001
111001
001
1111110010
000
1010
100110
100010
10110100
100011
0101
001
11001
11001
001
1111110001
1010
100110
001
100001
100010
100011
0100
0110
100100
100100
001
11000
0101
0101
000
1101110
001
0110
0110
001
11000
000
000
000
11110101
001
001
1010
1110011110
1101010101
1111000101100
10110001
10110001
100101
0111
10110111
10110110
100001
0110
10111000
100101
0101
0110
000
000
001
0110
001
0110
11000
100011
11000
11000
11001
11001
000
001
111001
11001
1111110100
1110100
001
111001
1010
1110010100
1101010000
1111000100010
10111101
1101010000
10111011
100000
100110
0111
001
000
100001
000
100011
000
1101101
000
000
100010
001
001
000
000
000
001
11001
11111011110
11000
11001
001
111001
111001
1110101
111110100
1010
11001000
0101
0101
000
000
100100
0101
1101110
11001
11000
000
11001
001
001
11000
001
000
000
111001
11111111001
111000
1010
100011
10111011
1101110
1111001111
001
001
0110
000
001
000
001
001
000
1110111
000
11000
1010
1110101001
100110
1101001100
10110000
10111000
10111000
000
1111001010
0100
10111001
10110111
100001
000
001
0110
000
100101
0111
0111
0101
11001
11000
11000
0110
1110101
0101
11001
1101101
001
001
000
11000
001
000
001
1110100
11001
1111110011
000
1010
1010011
100100
10110011
100110
100011
10111010
001
100101
000
1101010000
001
000
10111010
001
0101
001
0111
111000
100110
1111100111
1110111
111111100010
11001
1110101
11000
1110110
11001
11001
111001
1111110010
00
100011
000
1101010100
100010
001
1111101101010
100011
10111111
0100
0111
001
0101
0110
11001
1111100110
10111000
0101
0111
001
11001
001
000
11000
11001
1101101
11001
001
11001
001
11000
001
11000
11001
11000
11111110010
1010
11010001
10110011
1101011111
1101011011
100001
100011
0101
001
100110
100001
0100
10111001
0100
0110
0110
111000
0111
1101101
11000
11001
111000
11001
11000
000
001
000
11000
000
1110100
11111110011
1010
11011000
10110100
1111000100111
000
0111
0101
0101
001
10111010
1101001110
10111001
100010
001
0110
001
1111100101
1101101
11000
0110
000
0110
111000
11001
000
11000
001
111000
111001
001
111000
1111110011
1010
1010000
000
1111000101010
10111111
000
1101010001
100110
000
000
10110001
0110
0111
100001
001
0111
0101
001
0100
0100
0110
0101
111001
0101
100011
1110111
1110100
1110111
001
11001
0101
111001
001
001
001
1111110001
1010
11010101
1101010110
1101011111
0110
0100
10110100
0101
001
1101001001
100011
0110
100110
100111
1111001100
000
111000
0110
100001
0110
11000
1101101
1110111
001
1110100
000
1110111
11000
000
1111110001
1010
1110011111
1101011000
1101010001
1101010111
1101010000
10111011
100111
11000
100010
100111
000
10110100
0111
11000
0101
0100
100001
001
0100
11000
0101
11000
000
001
11001
0101
11001
1110101
111001
11001
000
000
001
11001
11111110100
1010
11001010
0110
1101001101
10111100
0111
001
11001
000
10110110
0111
0101
0101
000
11000
11001
001
11000
111000
0101
000
11000
1110101
111110100
1111110000
1010
01100
100011
1101001001
10111001
100100
100101
000
000
000
1101100
0110
0110
1110101
1111100101
0110
000
0110
001
1111110010
11001
111001
1010
1011001
0100
1101000111
0111
0110
0111
1101110
000
100101
000
001
0100
001
000
001
1101110
001
0101
000
1110100
11001
1110111
11110111
1110100
001
11111111001
11000
1010
11001001
1101010101
10110100
000
10110011
10111000
0100
100010
000
0110
0101
0110
000
1111001011
000
0110
11001
000
001
11110111
001
1110101
1010
1011100
100011
1101001100
10111001
100100
0101
000
001
001
11001
0101
0101
11000
111000
1101110
001
000
000
000
000
000
11001
11000
1110101
001
001
000
000
1110101
11111110101
11110100
001
1010
11010101
0100
10110010
10111001
0111
11001
10110111
000
1101010000
000
000
0111
000
0101
111001
000
0111
100100
0110
0110
000
1101100
1101101
1101110
001
000
001
11000
000
001
1101101
11000
111001
000
001
11001
11110101
001
11110111
1010
100000
100101
0101
100110
0111
0110
11001
0110
10111001
000
0110
100110
1101101
000
000
111001
001
000
000
1101101
000
000
000
1110110
1110110
000
000
11000
111000
1110101
1110110
1110110
111000
11001
100110
001
000
10110000
10110001
000
0100
001
100111
001
100101
100110
001
000
100011
11001
001
0100
1101111
000
001
000
001
001
001
1110100
11000
001
000
1110100
111000
001
11110111
1110111
111000
1010
1010011
10111010
1101011001
100101
0111
0110
11000
10110111
0100
100011
10110101
0101
000
001
111000
000
100010
0101
1101101
001
1110100
000
1110111
1110101
1110110
11110101
11111110101
1010
100000
10110110
10111011
0111
10110111
100110
001
001
000
0100
100011
100100
0110
111001
001
000
001
100100
111001
000
001
11110111
1010
11010111
100011
1101010011
100100
10111100
0110
100010
0101
0111
0111
0110
0110
0111
001
0100
000
0100
0111
0111
11000
11001
001
0110
0110
001
0110
1110100
000
0101
000
000
11001
001
1110110
000
111000
11111111111101010
01110
10111001
10111000
001
100011
0100
100101
100100
000
0111
100101
100001
11001
000
000
001
0111
1101110
111001
111001
001
000
11001
000
0101
1101101
0111
11000
001
11001
11000
001
111001
001
000
001
001
1110101
11001
111110101
01100
0101
1101010010
1111101101010
100111
0110
100100
1111101101010
0100
0100
100100
001
0100
001
0100
0110
001
0101
100011
001
11000
000
000
111001
111000
11001
001
11001
001
11000
001
11111110011
001
1111110001
1010
00
000
100110
100110
000
0110
1111100100
100011
0110
100100
0101
000
001
11001
000
000
11001
000
11000
1110101
001
11001
001
0110
111001
111001
000
11001
11111111111101011
11110101
100001
10111010
10111111
100101
0110
100110
0111
0101
000
000
0100
000
100011
0101
0110
0110
11000
000
1101101
000
111000
11001
001
001
000
11001
001
001
111110100
11000
000
1110101
11000
111000
1110111
000
1010
11000101
1101011001
100101
100011
100110
10111010
0100
0110
100011
0101
001
0101
1111110111011
000
000
0110
000
001
1110100
11001
11001
001
1110100
111001
001
111000
1010
11010001
10111011
100111
10111001
10111100
100111
1101111
100111
10111001
1101110
001
111000
000
0110
0111
0111
0101
000
11001
111000
000
000
000
1110110
1110101
1111110010
11111110101
1010
01101
000
0111
100011
100001
0110
0101
100001
100011
0100
100100
0110
100101
100100
11000
000
000
0100
000
0101
11001
0110
0110
0110
001
11000
11110110
1110111
1110110
1110101
1010
1010001
10111100
10111010
0110
100101
100101
001
001
0100
1101110
0101
0101
001
1110100
000
0110
11000
11001
11000
11110111
001
000
11000
11001
11000
1110100
11001
11111110010
1010
1010111
1101110
0110
0110
1110111
1110110
111001
000
001
1010
01111
11001
000
1101110
000
111000
1111110000
1110111
1010
0100
0100
0110
1111100101
000
11001
111001
000
111001
001
001
11000
111001
11000
111110100
1010
1011110
10110110
10111101
0111
10110101
000
0110
0100
100000
001
0110
0101
001
100100
001
11000
0111
000
1101110
1110101
000
11000
111000
0101
111110100
11111111001
11110100
1010
100110
10111000
0110
0100
0110
100010
000
100110
100111
100101
0101
1111101101010
0110
0101
11000
0101
001
000
001
000
0111
11000
0101
0101
000
111000
11001
11000
11111011101
001
1110110
1110100
11110111
111000
000
1110101
0100
100110
0111
100001
0101
000
100010
000
0100
0111
1101110
0100
1111001001
11001
001
0100
11111011101
001
0100
0111
001
001
001
11001
111001
1110110
001
000
001
11000
001
000
11110110
000
000
000
111000
111001
1010
100100
10111010
100011
10111011
100000
100011
100011
000
100110
0111
0110
0101
000
0100
0110
001
100011
000
0111
100011
001
001
11000
0110
11000
0110
001
1101110
000
001
000
001
001
000
11000
001
11001
001
000
111000
11000
000
1110101
111001
11000
001
001
111001
0100
100110
100110
0110
10110111
1101101
0111
0110
1101100
1101100
001
0101
000
0110
0101
0101
001
000
111001
0101
11001
111111100010
111110100
111001
000
001
11110100
11001
001
11000
111001
11000
001
000
1010
11001000
1101010000
100110
000
100111
10111000
1101111
000
11001
1110100
11000
001
001
001
001
11001
11001
111001
001
111001
1010
01101
001
10111001
0110
001
0101
001
000
1101110
001
001
000
001
001
11001
001
11001
1110111
001
1010
01100
000
100100
0101
11111011110
11001
0110
1101110
000
11000
11000
000
11000
111000
1010
00
1111001100
0101
11001
11001
001
11001
001
11000
1110110
1010
00
000
100101
000
11001
111001
0101
1101110
111110101
1010
00
1111001101
000
11001
111001
0101
11001
000
11000
11000
11000
001
11111111111101011
1010
01110
1111001110
0101
0110
0110
001
1101110
001
0110
11000
001
001
1110101
11000
11001
001
11111111111010111
1010
01111
001
10111001
100011
001
0100
11000
1101101
0111
11001
001
000
001
000
001
11001
11000
001
000
000
1110111
111000
11110100
111001
11001
1010
100100
100010
10111101
0100
0100
100111
0101
0111
0111
0101
0110
0111
0101
11000
1101101
001
000
001
000
000
11001
11000
11110110
11001
11001
111001
000
1110110
1111110000
11110100
1010
00
100101
10111000
10110110
100110
100101
100100
100101
0110
001
100111
0101
0111
0111
0111
001
0110
1110100
000
0110
11000
111001
111110101
000
11001
001
1110101
11110100
1111110001
11001
111000
00
100010
10111111
1101100
100100
1101101
100101
0110
0111
100110
100001
001
1110101
000
0111
0101
11001
11110101
1110110
11001
11111111011010
001
001
1110101
000
111001
11110100
001
111001
1010
01111
0100
10111111
100011
1111101100111
1111001011
001
0101
1101101
001
0101
001
000
1101101
000
000
100010
0101
001
000
0110
000
111001
001
001
000
0110
001
11001
000
001
001
111001
1101101
001
11000
001
11001
000
111000
11110110
000
1010
1010111
10111110
10111000
0100
10111000
100100
100011
0110
100011
1111001101
11000
0101
0100
1101101
001
000
100100
0110
11001
11000
001
11001
001
001
111000
11110110
111001
11001
111110101
001
001
1010
1011
00
011
010
00
1010
011
110110
00
110011
010
00
110100
10001
010
00
011
10011
010
10110
010
00
11100111
10001
10010
00
110101
010
10010
10110
00
010
10010
10010
110100
00
11100010
010
10010
10110
011
10110
011
00
110111
010
10010
00
010
10111
10111
011
00
1011
10011
110000111
011
011
110110
110101
10111
1110101
1111111010
1111111010
11110010
00
11100111
10001
1010010
1010101
010
011
10110
10110
10111
00
11101010
10000
1010001
10010
011
10111
011
011
1110100
1111101111
1111101110
00
1111010101
1010010
10001
010
011
010
1110101
1111111010
111111111000000
1111110101
00
1111001010
1010101
1010100
010
010
1010101
10111
011
10111
10110
110110
111110010
110111
111111111000001
1111110010
00
11101100
10011
010
011
010
010
10111
1010011
011
10111
10001
10110
011
10111
11110101
10110
1111111010
110110
111110010
010
00
110101
110001001
10011
11110110010
010
010
1010010
10001
00
1111000111
10011
010
10111
110101
00
110111
1010001
1010111
10010
10000
010
011
1010011
1110100
011
00
00
10011
10010
011
10010
011
10111
011
00
110011
011
10001
011
00
1000
010
10000
011
110100
00
110110
10010
110111
00
1001
10110
00
1010
11100101
110100
00
1010
011
010
10111
00
010
00
011
10010
011
110100
011
00
110100
1110100
00
1000
011
010
00
1000
10010
110110
00
110110
010
110101
010
10111
010
00
1000
10010
011
00
110001
011
011
00
010
10001
1010100
10110
00
1011
011
10011
10001
011
1110101
00
110001
011
10010
010
10111
10110
00
110001
10010
011
10110
011
00
110110
11100101
011
011
10001
110100
00
1000
010
110101
011
110101
110111
00
1000
10000
010
11100110
011
11100110
011
00
11101010
010
00
110010
10010
10000
010
011
011
10111
00
1010
010
010
010
010
110110
00
011
10111
00
010
00
