100011
10111001
0100
1111100110
001
001
001
000
111001
1110101
1010
1010010
0110
100011
001
001
0101
001
001
000
000
11000
000
000
1010
100000
0111
0100
111001
001
000
11110100
1010
00
000
100010
001
0101
0101
0110
0111
001
000
100011
0110
11000
001
1101101
1101101
0110
0110
111001
111001
000
001
11000
001
11000
111000
11111110101
1110100
000
11001
1110101
111001
01101
1101101
001
0111
0110
001
001
000
000
111001
11110110
111000
111110101
111000
11110100
1010
0100
1101100
1111100100
001
000
1110110
1110101
11000
11001
111000
1010
0101
0100
100001
11001
0101
0110
0110
11001
000
000
000
0101
000
111001
001
001
1010
01111
100011
100011
0100
1101101
0110
1101110
0101
001
0110
0110
001
000
1111100101
001
000
0110
11000
1101101
001
11001
1110111
000
11000
111001
111000
1010
100100
000
100000
11001
000
11001
1110100
001
1110110
11000
1010
100101
0100
10110111
000
0110
001
11000
000
000
1111110000
001
001
1010
100110
100011
10110101
001
11000
11001
11000
111000
1110111
1010
1011000
0101
10110011
001
001
001
1110110
000
11110101
1010
100110
10111011
100010
1111100110
001
1101101
111001
11110101
1010
1010000
100100
100001
001
000
1110100
1010
100011
001
0101
11000
0100
0111
0101
1101100
0101
001
1101110
1110100
001
001
000
111001
000
11000
11110100
11111111001
11110101
111110100
1010
100011
000
10110111
001
0111
1110100
001
000
001
0110
1101110
000
000
000
0100
000
000
001
001
001
001
11111111001
111111110001
1010
0101
1111100111
1111001010
001
100010
11001
11001
100011
001
001
11001
000
000
001
000
1110100
001
1110111
001
000
1111110100
1111110010
11110110
000
1010
01100
0110
1101110
0110
000
0101
0101
0110
001
11001
000
0101
111000
0101
000
1110101
11000
1110111
11000
11111110011
1010
01111
0100
100010
001
11001
11000
001
111000
0110
11110111
1010
100101
0100
0100
001
0110
0110
000
001
001
111001
001
1110101
1010
1011001
0101
0100
000
001
001
11111011100
11000
000
001
1110100
000
000
11001
11000
1010
100100
0100
0100
11000
001
11000
000
000
000
000
1110111
1110101
1010
1011100
10110101
100011
0101
0111
001
1111110111100
001
1111110010
11111111001
1111110000
1010
1011000
000
10110111
11001
000
1110101
000
11000
000
111001
000
1010
0101
10111001
10110110
001
0101
000
111000
11111110010
1010
1010001
100100
100000
11001
001
1110100
111001
11110111
1010
100010
0111
10110111
001
11001
001
11110101
11110101
1010
100001
0110
100000
0110
11000
11000
111001
001
000
1110101
1010
00
0110
100000
0111
11000
001
001
1101100
1101101
000
001
1110100
000
111001
11000
000
1010
0100
0101
10110111
001
111000
1111100100
1111110100
1010
1011000
100011
100000
1101110
0100
1101101
001
0100
11000
111110101
000
1010
100110
0101
1101001101
0110
000
000
001
0110
111000
000
0101
11000
11001
000
11001
11001
111001
1010
100111
100010
10110010
0101
0110
001
11000
0110
0110
11000
11110111
11000
11001
1010
100111
000
10110001
100011
000
111001
000
001
001
001
1010
100101
000
100000
0100
100010
0100
0110
0111
100100
0110
000
0100
0100
000
000
11001
0110
0110
0110
001
11000
000
0101
000
11110101
001
11110110
1010
11000100
1101010101
1111000100110
100000
100011
000
100101
100001
10110010
000
100011
100110
100100
100010
001
0101
11000
001
001
0110
000
001
0100
001
000
001
000
11001
11001
000
11000
001
111001
11000
1110100
11111111111101010
1010
11011010
10110111
10111111
10110011
1101010000
0101
001
001
10110101
100111
0101
100100
001
11001
001
000
11000
001
1111100101
001
001
11000
11000
001
001
11000
000
001
11000
11001
1110101
000
1010
0101
100100
100001
000
11001
111001
0100
000
1111110000
1010
100010
1111001010
0101
001
000
000
000
11000
001
000
001
111110100
1010
0100
001
10110101
1101110
11000
11001
000
111000
111110100
1010
0101
0101
10110010
0101
000
001
000
11000
000
1111110000
001
000
1010
100100
1111101100101
001
000
0101
000
0101
001
000
000
1010
01111
100010
10110011
0110
11001
000
11001
0111
000
11110110
1010
100111
1111101100100
000
001
001
1110101
000
11001
111110100
1010
0101
100110
1111101100110
10110100
100010
1111001101
10111010
100111
100011
100010
0100
11001
11000
1101110
100100
001
000
000
000
11001
1111110001
1010
1110011101
1101010000
1111000110000
10110001
10110110
001
0111
100011
10110010
100010
0110
10111000
001
000
0101
001
000
0101
100101
001
111000
0100
1101110
11000
111000
11000
000
1110101
001
000
11001
111110100
1110100
111000
11001
1010
1110010010
1101010010
1101010101
100110
1101010010
0101
0101
001
100100
001
001
0101
001
0110
001
11001
0111
0101
000
001
111000
001
0110
1110100
000
001
11110101
111000
000
11000
000
111001
001
001
1110111
11110101
1010
1010100
100011
0101
000
000
100001
001
001
001
0110
11111011111
1110111
11001
11000
1101101
1110101
1010
11011011
100100
1101001000
100101
10110011
100100
000
100101
10110110
10111010
0101
100000
10111000
0101
11000
001
1111001011
000
0111
001
0101
0111
0101
000
001
111000
11001
11001
1110100
1110111
000
000
001
11000
001
111110101
1110100
001
11000
01111
0111
10111011
1111000100011
100010
100101
0111
0111
000
100111
100100
0111
111001
000
1101110
001
1101101
000
001
0101
11111011101
11001
11110100
11000
000
1111100101
001
11001
1111110101
1110110
1010
0100
100101
1111000100010
1101011000
000
100111
111001
100011
100011
000
11000
001
000
000
001
100011
0101
0101
111000
111000
001
11001
11110101
11001
11110110
1110101
1010
11010000
0100
1111000110001
001
001
100100
001
000
0110
1101001101
0110
0100
0101
111001
11001
001
001
100101
111111111110110001
1010
11010110
10110011
1111000100100
1101001001
10111000
0100
000
001
001
100111
1111001001
0111
11000
001
001
001
0100
100100
0101
001
000
001
000
11000
11110111
1110100
001
1111110011
1010
01101
10111100
1111000101000
1101001110
10110100
10111110
10110111
100001
000
1101110
100110
100010
100100
000
000
001
100100
100110
0100
001
11001
0101
100011
000
001
1110100
111000
1110111
11110111
11110100
11110111
001
111000
1010
11010010
1101001100
1101010100
10110101
10111111
10110000
100011
10111010
0101
001
000
0101
1101111
0110
0110
0101
000
0100
000
001
11001
001
11001
000
11001
111000
11110111
001
11000
000
11001
11000
11111110011
1010
11000100
100100
1111000110101
111111111000100101101
001
100110
100001
10110010
0101
0101
100111
1111001100
1101100
000
0101
0111
100101
000
0110
000
000
000
11000
11001
11001
001
000
11001
000
0110
11110110
1110100
11000
11110111
1110110
1010
1110011011
1101011000
1101011001
100111
1101010100
10111010
0110
100100
100100
001
0111
0101
0101
1101111
000
0111
0100
100011
000
100100
001
001
0100
100011
000
11000
000
000
000
111000
11110101
111110100
11000
1110101
001
1111110000
11001101
100100
100011
0111
001
1111100111
1101100
0110
000
0101
11000
111000
11000
000
111000
1010
100100
0100
10110011
100110
100100
100001
1111110111011
100010
001
0110
001
001
1111100110
111001
001
000
001
001
11000
11110101
1010
100101
0101
1101001010
10111001
11111011101
001
000
001
000
000
001
001
1110110
111000
001
1111110101
11000
11110101
1010
01100
0100
100100
10111001
111001
0100
100011
0100
100011
001
0101
001
11000
000
001
0110
1111001011
0101
111001
11000
111000
1110101
11000
11110111
000
111110101
11001
1010
1011111
000
100111
10111001
11001
0100
0110
0111
100011
0100
100100
0100
001
111000
0100
100001
1111100111
0101
100011
001
001
11000
11111011110
000
000
000
001
000
1110110
11110111
1110111
1110100
1010
100100
000
10111100
10111010
1111001111
0101
001
1101111
100100
100010
001
000
000
1101100
11000
1111101101000
001
001
000
111000
001
11001
000
000
000
11001
001
1110100
000
1111110001
1010
0100
100000
100010
100110
10111000
000
0110
100101
100110
100110
0101
001
1111001100
0111
000
11001
0111
0110
001
1111100111
001
001
11000
001
001
000
111001
001
1110100
001
001
111001
1110111
1111110011
11000
001
11000
100100
100111
10111000
10110011
10110111
10110111
1111001011
001
0101
000
10111000
100101
000
0110
001
11000
0110
0101
1101101
0101
000
1110110
11110100
000
11001
001
000
1110101
1110101
11110101
1010
1010010
100101
10111111
0110
10111001
0110
1101111
0111
100010
100001
0101
0101
000
001
000
11000
0101
0101
100011
000
11000
11110100
1110101
1110101
1110110
1010
11010101
100010
10111011
10110000
100100
100010
001
0111
100111
0100
100010
100001
1111100101
0101
001
1111100110
0100
000
0100
000
1101110
001
1111111011101
000
111001
111000
111000
001
000
11001
11000
11000
111001
000
001
11110101
1010
01111
100101
100100
100010
100000
100011
000
0110
001
100011
10110111
0100
0111
0101
000
001
11001
0100
100100
100000
0110
0101
001
11000
000
0110
11000
11111011110
11000
11000
001
1110101
1110101
11000
000
1111110000
1010
00
0111
100101
0111
1111110111100
1101101
10110110
100010
111000
111000
1111110111011
1101101
0110
11001
001
000
1110111
11110100
000
000
1110100
1110110
001
1110101
11000
111000
11001
000
1010
0101
100111
10111011
0101
100011
0100
100011
0110
000
100011
0110
100011
11001
001
001
11001
000
0100
11000
000
1101111
000
11000
1110101
111000
001
111000
111001
11001
1110100
000
000
11110110
11110110
100011
1111111011010001
100010
1111101100110
100001
0110
100011
0110
000
0100
1101101
000
11000
100100
0100
001
0111
0110
1101110
11000
11110110
001
11001
111001
11111111001
1111110000
000
0101
0110
10111100
10110110
100100
0111
0101
001
000
10111011
1101101
000
001
001
11001
0101
001
0110
0101
000
0101
0101
0100
000
1110100
11000
0110
001
000
000
11110100
1110111
000
11001
1110101
1111110010
11001111
0110
10111000
0111
10110111
100010
001
100011
10110111
10110010
0101
1111100110
0110
111000
0110
001
0101
000
0110
0111
001
0110
11110110
11110110
11001
001
001
111000
000
000
1110111
111001
11001
11000
111000
01111
100011
100100
0111
100101
0101
000
1111101101010
100101
1101100
0100
1110101
100011
0101
0111
001
1111100101
0100
11110100
000
000
1110101
11000
1110101
1110111
111111110000
1010
1010101
10111001
1101010011
0110
0101
0111
100001
0111
0101
000
0101
000
001
100011
001
000
001
0100
0101
000
001
001
000
001
0101
11000
11000
001
000
0110
111110101
11110111
11001
1110110
1110110
000
000
000
1010
1010010
100100
10111110
100101
100101
11111011110
0110
001
1111110011
11000
1110110
1010
100011
001
001
0110
0110
001
001
001
11001
11001
001
000
1110110
11000
11111111001
11000
1010
0100
000
0111
0111
111001
000
0101
111000
000
11000
1110100
11001
1110110
1010
1011010
10110101
0111
100101
10110111
100100
100011
10111010
100011
0110
000
1101110
100010
0111
000
001
0101
0110
001
001
11001
11000
0110
111000
001
000
11001
000
11110100
111111110001
1010
1011111
100100
10111011
100011
100011
0100
001
0111
0100
10110111
100101
0101
100111
0111
000
0110
0111
001
1111001100
1101110
0111
001
100100
001
0110
111001
1101110
001
1111100110
111001
11000
000
1110100
111000
1110110
11001
111001
11001
111000
100010
10110101
100101
100011
100110
0110
0111
100100
100100
100111
100110
001
10111001
0110
001
001
11001
0101
0101
11001
11001
100110
0110
0110
11001
000
11001
001
001
11110110
11001
1110100
000
000
001
11001
11001
11000
11001
111001
1010
100110
100111
0111
100110
10110011
0110
100110
100001
11001
001
0110
100100
100010
000
11111011110
001
0100
001
001
000
000
000
000
0110
11000
11000
0101
001
1110100
001
000
11001
11001
111001
001
000
000
11111011101
111000
11000
1110100
1010
00
0110
100111
100011
0110
10110110
100101
0101
0111
000
0110
100101
0110
1101110
000
0110
000
001
0101
000
001
111000
0101
11000
11001
001
111000
001
000
111000
001
11001
000
11000
111000
001
1111110011
1110111
1010111
11001
100000
001
100100
000
0100
0100
001
11001
0111
11001
001
0101
11000
0110
11000
0101
000
000
001
11001
1110111
1101110
1110110
111001
1110111
11000
1010
1010110
100100
10111100
0110
001
000
0110
0101
000
0100
000
0101
1101110
001
001
001
0101
0100
000
0100
1110111
11001
1111110011
1111110011
001
001
1010
1010111
100111
100101
100100
100100
0100
100011
001
0110
0110
1101110
000
001
0101
001
001
000
000
11001
000
111000
111001
001
000
11000
1110101
111111110000
11111110010
1010
100011
001
001
111001
001
111000
001
001
000
11001
111000
111001
1010
01100
000
11111011111
1110100
11001
11111110101
1010
01111
0110
000
000
0101
001
000
000
0101
0110
000
001
11001
000
111001
000
000
1010
0101
001
000
000
000
11000
000
0110
1101101
11000
000
1111110101
1010
100111
000
000
000
100100
0100
0110
1111100110
1111100100
000
11000
001
001
0101
000
11110110
111000
11001
11000
001
111000
001
11000
11111110101
111110101
1010
100110
100010
100111
100101
100000
001
0100
100100
100010
100100
001
000
0111
0101
0101
0110
000
0110
1111001100
1110100
0110
0101
001
111001
000
000
001
0101
001
000
11000
11000
001
000
001
001
1110111
001
11001
1111110010
11001
0101
100000
100000
1101110
0101
000
10110110
100001
100011
100101
100100
10111001
0111
111000
0101
1101100
000
11001
000
001
001
111000
001
11000
11000
001
000
111000
001
000
11000
001
001
001
001
11111111111101011
1010
100010
100110
100111
100111
100011
001
001
0100
100111
0101
0110
0110
000
100010
0101
1101100
0100
001
111000
001
11000
000
001
000
001
11000
1111100110
11000
001
111000
111001
11001
000
11110101
1110110
1010
1011111
100111
100111
0111
100100
100011
10110110
100101
0100
001
001
0101
000
100110
000
001
001
1101110
0101
1101110
000
000
0101
0110
11000
000
0101
0110
001
11001
0110
001
11000
001
001
001
000
000
0101
000
001
11001
11001
000
111001
111110101
1010
100000
001
10110101
100111
10111011
100011
0111
100111
10111000
0110
000
100001
0111
000
0101
000
1101100
000
100100
001
000
0100
0101
0110
1110100
001
001
001
1111100110
0110
000
111001
111001
001
001
111000
000
001
11001
001
1010
1010
010
00
011
00
00
00
1010
010
010
00
1011
010
10001
00
010
011
00
11100010
010
1010100
1110111
00
110100
010
1010100
010
00
1010
010
10011
010
00
1011
010
1010100
10110
00
00
011
1010101
00
1000
10010
1010100
011
10110
10111
00
110111
1111101010101
10001
1010100
110101
10001
111111110011
1111110001
110100
00
1001
010
110000001
11100110
010
110100
011
010
1111111010
1110111
00
110000
1010100
110000101
10010
1010010
110101
011
10010
111110010
1110101
00
110001
1010011
010
10010
10011
110100
010
011
1111101111
1110100
111111110011
111110010
10111
00
11101111
010
110000101
011
10110
10111
010
011
10111
111110010
1111111110000110
00
1000
11110110000
10000
10111
110101
10010
1111110100
110100
1111110001
110101
00
11101111
10010
1010101
1010001
1010010
010
10111
010
110101
011
1110100
00
11100101
10010
110001011
1010100
011
11110010
00
11100101
10010
10010
011
10010
110111
00
110000
10010
10001
10111
011
10111
00
110101
10000
10011
10011
10000
011
010
11100100
011
00
110111
010
110001101
10011
10110
1111110111100
010
11110101
1110100
011
00
11101001
10010
010
00
110011
10110
00
00
10110
00
00
10110
00
1010
11100101
010
00
1010
010
010
010
00
1011
010
00
00
10110
00
1001
011
010
010
00
010
011
10110
00
1001
10111
00
1001
011
10010
1110110
00
110001
11110110100
011
10001
00
011
11110110111
011
010
011
00
110100
010
1010110
11100110
110110
00
010
10010
10011
010
010
00
110010
11110110100
010
011
00
00
11100110
011
1110110
00
110010
10110
10011
10010
110100
011
110100
00
110100
010
1010011
10001
1110101
00
110101
010
110100
00
011
00
1000
011
10001
010
011
110111
00
1000
11100100
010
010
110110
00
